[-0.00011348722084914462, -0.0002653910666226488, 0.0084991455078125]
[-0.00026988640658049903, -0.0006177946511380262, 0.0262908935546875] 
[-0.0004026841864377044, -0.0009348488811837431, 0.03778076171875] 
[-0.0090073432665548, -0.010073593918582723, 0.081817626953125] 
[-0.01033937071965021, -0.010565218955477067, 0.0947723388671875] 
[-0.012337293923445826, -0.01130773178621977, 0.1154327392578125] 
[-0.01350052330373974, -0.011736453148707438, 0.11541748046875] 
[-0.012760005270512105, -0.01229079993632073, 0.1245269775390625] 
[-0.011827799985377916, -0.012670576708057955, 0.126068115234375] 
[-0.010674583748660173, -0.013142623592263099, 0.131988525390625] 
[-0.009839175076152687, -0.013471823205895702, 0.1353759765625] 
[-0.003279645501258591, -0.01442063037976312, 0.15423583984375] 
[-0.0029761436725658738, -0.014469756103228733, 0.157135009765625] 
[-0.002450197696847565, -0.014552419063039775, 0.1583404541015625] 
[-0.002099964961958007, -0.014590849255612394, 0.1621856689453125] 
[-0.0019175777499830535, -0.014571996424756418, 0.1668701171875] 
[-0.0018296022791932807, -0.014543173384840678, 0.1678619384765625] 
[-0.00171897707907436, -0.014511630981279756, 0.1646881103515625] 
[-0.0016274264850908238, -0.014450903272372757, 0.1678009033203125] 
[-0.0017175473779850296, -0.011126454323074613, 0.17071533203125] 
[-0.0020260566462258957, -0.00102349317545809, 0.1600189208984375] 
[-0.002099727252721772, 0.0026216358220793436, 0.1576690673828125] 
[-0.002155993275578869, 0.0053857558583283345, 0.1591644287109375] 
[-0.0023212144765228956, 0.006806246859998004, 0.16290283203125] 
[-0.002432079124101956, 0.007592085212458181, 0.1655120849609375] 
[-0.002626387198299064, 0.009086174628454964, 0.159820556640625] 
[-0.0027281903810382406, 0.009910262040772593, 0.1595611572265625] 
[-0.0029294136232251126, 0.010160063038329949, 0.1614837646484375] 
[-0.003067932823169897, 0.010248526199889129, 0.16357421875] 
[-0.003963183516926293, 0.006113041676408635, 0.1501312255859375] 
[-0.004100986993249488, 0.00618047683258472, 0.1548004150390625] 
[-0.004265970494598968, 0.005842393806183351, 0.1572418212890625] 
[-0.004384225711570938, 0.005651327266693595, 0.1564788818359375] 
[-0.004589738927393787, 0.005430712365454872, 0.1489715576171875] 
[-0.004766405592062841, 0.005258680580508813, 0.1512603759765625] 
[-0.00489586594587976, 0.008144800223689857, 0.15728759765625] 
[-0.0050045834200518145, 0.010312154405156473, 0.1584320068359375] 
[-0.005088028586971995, 0.016908482685781302, 0.1379241943359375] 
[-0.005187686343922752, 0.01909015821633448, 0.1368255615234375] 
[-0.0035154384354182363, 0.02040786470735841, 0.1366424560546875] 
[-0.0024470979544627567, 0.020982876443951907, 0.13385009765625] 
[-0.0006139205673493462, 0.02196957041224644, 0.138946533203125] 
[0.0007614994837129455, 0.022702113033929376, 0.1465911865234375] 
[0.0014095134950465199, 0.022540232590758255, 0.1505279541015625] 
[0.0017609373520269017, 0.022474790685421568, 0.150299072265625] 
[0.007988115008966321, 0.01730402986832643, 0.1413116455078125] 
[0.008407488927802338, 0.0172679559829961, 0.142608642578125] 
[0.008433952355577534, 0.016829264411448667, 0.1404571533203125] 
[0.008442773498359974, 0.01658816490297235, 0.1371917724609375] 
[0.008440867523986071, 0.016289057049234213, 0.1343841552734375] 
[0.008423224365881304, 0.01608892675523308, 0.1332244873046875] 
[0.008147614792679163, 0.015765527343348615, 0.134552001953125] 
[0.007962842710405664, 0.015594945411096451, 0.1405181884765625] 
[0.0077160831836177515, 0.015363816111679904, 0.12933349609375] 
[0.004489365439504293, 0.009420450703947592, 0.11810302734375] 
[0.004213519038669322, 0.009209442955365747, 0.1085357666015625] 
[0.0040482969632895625, 0.00911082845203163, 0.10467529296875] 
[0.0038015365619281432, 0.008970157146958771, 0.0952301025390625] 
[0.0036255856214334426, 0.008876980579942458, 0.0966796875] 
[0.0034472506854365016, 0.00565930343394141, 0.081756591796875] 
[0.003334957213400646, 0.0033362320674546987, 0.0714569091796875] 
[0.003176649433544297, 0.00014919087046617736, 0.065643310546875] 
[0.0030569645188512078, -0.002545499967794776, 0.079376220703125] 
[0.0017127776350770083, -0.013591647638300636, 0.066650390625] 
[0.0016984727731628403, -0.014380748752551497, 0.061553955078125] 
[0.0016758230442542503, -0.01543995354790958, 0.05865478515625] 
[0.0016534118898417038, -0.016299209181981703, 0.063140869140625] 
[0.003466085860951738, -0.016224885445821364, 0.058349609375] 
[0.004794775892220576, -0.016169414540517003, 0.0508880615234375] 
[0.006802713111605954, -0.016051584149924022, 0.0493316650390625] 
[0.008136886862600471, -0.01597218474287622, 0.0503997802734375] 
[0.01343877359206226, -0.0220043763685706, 0.03826904296875] 
[0.013872690084463317, -0.024073478312133433, 0.0383148193359375] 
[0.01449948495784432, -0.02719109031113392, 0.022918701171875] 
[0.014912898019257203, -0.029257654023766743, 0.0322265625] 
[0.013136462902975946, -0.026848656935678304, 0.03369140625] 
[0.011819215704229759, -0.02498312918062245, 0.031219482421875] 
[0.009982461420277701, -0.02241932057108976, 0.0145721435546875] 
[0.008475675017429631, -0.020317951693105334, 0.0123291015625] 
[-0.00017404321878111527, -0.014837568624094235, 0.001861572265625] 
[-0.0008001223565909572, -0.01615400560416688, -0.00164794921875] 
[-0.0016677176266325488, -0.01794883544125597, -0.0237884521484375] 
[-0.002375097391310381, -0.019391442035572293, -0.0375213623046875] 
[-0.0027434486871379675, -0.02015117592078935, -0.0494842529296875] 
[-0.0029353736396190533, -0.02049632865989014, -0.0515289306640625] 
[-0.0033096858045995217, -0.02113768875636872, -0.0647125244140625] 
[-0.0035328430543593702, -0.021514201975342706, -0.0679931640625] 
[-0.0017370965158020482, -0.021383682012044783, -0.07696533203125] 
[0.007092388105435549, -0.018527291863327872, -0.0935821533203125] 
[0.00916374334390225, -0.018088600291780436, -0.0995635986328125] 
[0.010532963963884832, -0.017841156392437923, -0.10260009765625] 
[0.013287141513140636, -0.017350618942807143, -0.1082305908203125] 
[0.015178491788888433, -0.016998034225576598, -0.1076202392578125] 
[0.018011107941856525, -0.016533420110473766, -0.11932373046875] 
[0.01990436681389299, -0.016258059625763904, -0.133392333984375] 
[0.019029381862442397, -0.019092515314549325, -0.1434783935546875] 
[0.018301736375990654, -0.02114856541997688, -0.142791748046875] 
[0.0153120053554133, -0.03423100391050593, -0.15789794921875] 
[0.01449590811869574, -0.03647703296815968, -0.1591796875] 
[0.013632605443431657, -0.03755563399251924, -0.160614013671875] 
[0.013076858617052363, -0.03820823380900887, -0.168212890625] 
[0.012254325104197996, -0.03916737345736639, -0.18023681640625] 
[0.0116630542592196, -0.03981580326654439, -0.1797332763671875] 
[0.0111855074524441, -0.036559877060685884, -0.1892547607421875] 
[0.010870561027798075, -0.03447482199165487, -0.1943206787109375] 
[0.006750022213648036, -0.01816328629337111, -0.21417236328125] 
[0.006428162372561038, -0.015805227837845073, -0.2266845703125] 
[0.007854841018547208, -0.017196895799599002, -0.2381744384765625] 
[0.009182101353616544, -0.018645484519351184, -0.2455291748046875] 
[0.01092825671634105, -0.02057427821424405, -0.24871826171875] 
[0.012105076113862287, -0.0218486591835505, -0.259124755859375] 
[0.012787422143715811, -0.0194561578281032, -0.2690887451171875] 
[0.01319606632132589, -0.01761800326026919, -0.2735137939453125] 
[0.019073727867430154, -0.012604591404575765, -0.2822723388671875] 
[0.01944374830144974, -0.010665102969762464, -0.2856903076171875] 
[0.019464014027006784, -0.009427702340334736, -0.2911834716796875] 
[0.019460675726959982, -0.00863425008605708, -0.2942962646484375] 
[0.019463058846068786, -0.007538790272653495, -0.29425048828125] 
[0.019464014014159273, -0.00663765976053035, -0.2940826416015625] 
[0.02101490788146723, -0.00960462945442565, -0.3000946044921875] 
[0.022158824964606662, -0.011796818592184101, -0.307769775390625] 
[0.023875655764002926, -0.015124168037842592, -0.3192596435546875] 
[0.027178666803839253, -0.028334770184427278, -0.325775146484375] 
[0.02603140969153823, -0.02973495771157452, -0.3141937255859375] 
[0.025108979847010212, -0.030538380174911946, -0.3164825439453125] 
[0.023418137092938537, -0.032039539303608144, -0.330718994140625] 
[0.022369585186013483, -0.03294067060670385, -0.3360748291015625] 
[0.021468135044700045, -0.033209323644144625, -0.3432464599609375] 
[0.020940760241244052, -0.0333026813438761, -0.3594512939453125] 
[0.020205485600711896, -0.03343664599265243, -0.374267578125] 
[0.01958441303155014, -0.03353036595781425, -0.38409423828125] 
[0.017669221014995566, -0.03261255778936225, -0.3762664794921875] 
[0.01623538862117868, -0.03189741814584139, -0.368377685546875] 
[0.014087264788779422, -0.03082951186140227, -0.3574981689453125] 
[0.012652478971685139, -0.030100232001510012, -0.364776611328125] 
[0.012259569347732695, -0.029555130892095813, -0.3668670654296875] 
[0.012214033061490976, -0.029335422445405483, -0.366851806640625] 
[0.012141315875932824, -0.02891630823557469, -0.367706298828125] 
[0.012091963270061698, -0.02864022242903161, -0.3648529052734375] 
[0.012696824121440806, -0.026529970929250975, -0.3412322998046875] 
[0.012671313244415554, -0.02639763805685626, -0.342926025390625] 
[0.012630544954395709, -0.026206209251936168, -0.3368682861328125] 
[0.012595973486496178, -0.026073151057708233, -0.32965087890625] 
[0.010853394130709355, -0.029159945184008468, -0.3265380859375] 
[0.009745000202477679, -0.03112662567332845, -0.3248138427734375] 
[0.007628584953198583, -0.034818706010776926, -0.328338623046875] 
[0.006473461863427694, -0.036826898321745044, -0.3207244873046875] 
[0.007282166794128671, -0.03820297621443368, -0.3069305419921875] 
[0.009720204213606202, -0.04761871430389669, -0.3095245361328125] 
[0.010967833953245382, -0.04857024005043673, -0.3058929443359375] 
[0.011857839512366559, -0.049322178901121144, -0.304656982421875] 
[0.011169533482888152, -0.052060739450217636, -0.309295654296875] 
[0.010248534208427683, -0.05457088927257019, -0.3128204345703125] 
[0.009109860528764656, -0.05764263751892319, -0.3243865966796875] 
[0.008171218966969802, -0.06016729061405004, -0.32403564453125] 
[0.0059551450623488884, -0.06102418914990732, -0.313995361328125] 
[-0.003782703217812653, -0.06437909291550283, -0.30511474609375] 
[-0.005959676237424669, -0.06506740435189244, -0.3093414306640625] 
[-0.007764006237211564, -0.06561033028677953, -0.3126373291015625] 
[-0.010207051102049053, -0.06832151764865416, -0.3209228515625] 
[-0.011922927612979993, -0.07035110102140826, -0.3248443603515625] 
[-0.01428681815408039, -0.07316924211026772, -0.316436767578125] 
[-0.01622680796850365, -0.07548832539313052, -0.3216552734375] 
[-0.018546113895548045, -0.07595348369735141, -0.32135009765625] 
[-0.020015946596222873, -0.07619802710033358, -0.3136749267578125] 
[-0.027977122081560942, -0.07656565769751135, -0.304718017578125] 
[-0.029727330611540263, -0.07685008272770515, -0.3060760498046875] 
[-0.03173526700296667, -0.07910445021803705, -0.313507080078125] 
[-0.03358680333261516, -0.0811938556361223, -0.320068359375] 
[-0.03589180529375706, -0.08373391687662672, -0.3289031982421875] 
[-0.03774620277448301, -0.08579196023289368, -0.334716796875] 
[-0.039791093748080486, -0.08607475348670585, -0.33868408203125] 
[-0.0414240022338224, -0.08616793005372217, -0.339324951171875] 
[-0.044091872624408425, -0.08551678167187154, -0.342071533203125] 
[-0.04646506320447177, -0.08556355108809487, -0.3354339599609375] 
[-0.04970298532758559, -0.08802403099786375, -0.3427581787109375] 
[-0.052259515693860996, -0.08961129777184941, -0.3566741943359375] 
[-0.057935954148088525, -0.09198168274367749, -0.35760498046875] 
[-0.06311767890553434, -0.09333800135096178, -0.360565185546875] 
[-0.07344608325893139, -0.09318373401863557, -0.3786773681640625] 
[-0.08103127657321783, -0.09278909329063884, -0.3885040283203125] 
[-0.09793518373734804, -0.09166027737360498, -0.3781280517578125] 
[-0.11465408024553704, -0.09108145868610273, -0.3562469482421875] 
[-0.13446284367776937, -0.09133125889268755, -0.368682861328125] 
[-0.17104796077268153, -0.091237357003838, -0.35760498046875] 
[-0.22236692714189477, -0.09032879372261254, -0.3643035888671875] 
[-0.25761620213462877, -0.08953497920290455, -0.361846923828125] 
[-0.31699385532037255, -0.08709008936220096, -0.321044921875] 
[-0.3718723666133572, -0.08498745097326525, -0.2557373046875] 
[-0.4395833601936676, -0.08284076174077884, -0.1851959228515625] 
[-0.5452663357388038, -0.0834326330573889, -0.140289306640625] 
[-0.5973155688590938, -0.080551226819665, -0.0931396484375] 
[-0.6419712933934265, -0.07863476043204676, -0.061920166015625] 
[-0.6940765549718871, -0.07732793060463099, 0.00244140625] 
[-0.7344806140337246, -0.0772507063721103, 0.03399658203125] 
[-0.7794510505759732, -0.08420451311716542, 0.0810546875] 
[-0.8099837489754099, -0.08992001277824442, 0.111602783203125] 
[-0.8493402131313317, -0.09845057269007991, 0.157135009765625] 
[-0.8793164495231612, -0.10587696971748567, 0.18499755859375] 
[-0.875252899613204, -0.13641970024145186, 0.2303924560546875] 
[-0.8879761904461865, -0.14215949146067722, 0.2563323974609375] 
[-0.9078786541047081, -0.1525271175621106, 0.2800140380859375] 
[-0.9214909959808754, -0.16075566833287505, 0.3035125732421875] 
[-0.9312247936948387, -0.17143817348982704, 0.337677001953125] 
[-0.9379447785094841, -0.17946677509930553, 0.359710693359375] 
[-0.9468782166172367, -0.19193196391878717, 0.3858642578125] 
[-0.9521269391597851, -0.20044004518157313, 0.4063568115234375] 
[-0.8720128496735973, -0.22181520683725203, 0.4342041015625] 
[-0.8695264149053765, -0.2311406680650865, 0.454193115234375] 
[-0.865105952885138, -0.24485377112120116, 0.4636383056640625] 
[-0.8617736198637305, -0.2537563119792687, 0.4822235107421875] 
[-0.8549575555526183, -0.26547064874435694, 0.5100555419921875] 
[-0.8511176369503848, -0.2735467458828645, 0.5283660888671875] 
[-0.8449069105744363, -0.2850257841321971, 0.5642852783203125] 
[-0.8405825288969657, -0.29224824470566557, 0.5830841064453125] 
[-0.8300619562156181, -0.2659010018832262, 0.608367919921875] 
[-0.8339402641520667, -0.2654878705898038, 0.627105712890625] 
[-0.8393952127336313, -0.2644076377890626, 0.6556243896484375] 
[-0.8438650290794786, -0.26315682226509673, 0.67529296875] 
[-0.8507981573027726, -0.26774803907285644, 0.705474853515625] 
[-0.8556790036250187, -0.27092782863345777, 0.7259368896484375] 
[-0.8627949960748116, -0.27467882377071645, 0.7628631591796875] 
[-0.8674197833931784, -0.2763453080280622, 0.7837371826171875] 
[-0.8792015672837032, -0.268425110789235, 0.8148040771484375] 
[-0.9210830864504123, -0.2516959115247869, 0.83770751953125] 
[-0.932730165782022, -0.24093382503709937, 0.8679962158203125] 
[-0.9389869063292705, -0.23412576526800458, 0.8884735107421875] 
[-0.9494409518064753, -0.2195778792686793, 0.9191131591796875] 
[-0.9552425559316524, -0.20966507820600414, 0.9397125244140625] 
[-0.9620660081621432, -0.19560464723626161, 0.980987548828125] 
[-0.9666278515016072, -0.18389321096753372, 1.0019073486328125] 
[-0.972803528270288, -0.17399436819754224, 1.033233642578125] 
[-0.9762023801214709, -0.16729906314815296, 1.0548553466796875] 
[-1.0045576235984313, -0.14224432959501537, 1.0860595703125] 
[-1.0054638403785265, -0.13643384045782325, 1.1074981689453125] 
[-0.9986639849983695, -0.12279596680144482, 1.1372528076171875] 
[-0.9921924275849826, -0.11313713595266608, 1.154449462890625] 
[-0.9807170032856929, -0.0998911852425843, 1.1723480224609375] 
[-0.9718357809244067, -0.09188324937305854, 1.183624267578125] 
[-0.9505095012640975, -0.08768739861512884, 1.196563720703125] 
[-0.9336942849185261, -0.08600441783416943, 1.203277587890625] 
[-0.8678586644790616, -0.0760551806207336, 1.1712646484375] 
[-0.849781037573592, -0.07558440245650719, 1.1727294921875] 
[-0.8213082513580324, -0.07737578760811786, 1.172882080078125] 
[-0.800740610476781, -0.07886316957684557, 1.1717529296875] 
[-0.7698309780100326, -0.08114237281444185, 1.14056396484375] 
[-0.7519414609221796, -0.08246533610906841, 1.1384124755859375] 
[-0.7292013784562305, -0.08582966668557818, 1.1349639892578125] 
[-0.7159395085330346, -0.0880537604923279, 1.1321563720703125] 
[-0.6823953857280534, -0.11094385922764408, 1.111358642578125] 
[-0.6705623406978063, -0.11331098143768147, 1.0998992919921875] 
[-0.6563394186954312, -0.1148833826734625, 1.0902862548828125] 
[-0.646323577752429, -0.1159612591669614, 1.0851593017578125] 
[-0.6332800959994289, -0.11767741412786334, 1.1326904296875] 
[-0.6231572067705043, -0.11915101893662254, 1.1368408203125] 
[-0.6203186312609489, -0.1239831533291708, 1.1322174072265625] 
[-0.6184997591624672, -0.12732337427122198, 1.1337432861328125] 
[-0.6160214286192828, -0.1319136838334607, 1.1893463134765625] 
[-0.6517673258222655, -0.14017432119690415, 1.2086181640625] 
[-0.6526203772728637, -0.14319875583791575, 1.21044921875] 
[-0.6528642767854564, -0.14481430146269908, 1.2131500244140625] 
[-0.653240734696513, -0.1468333712282479, 1.2555389404296875] 
[-0.6534359973185315, -0.14839507693313594, 1.2546539306640625] 
[-0.6528802502949624, -0.14722583678171752, 1.248748779296875] 
[-0.6519425620037776, -0.1463888786639798, 1.2464141845703125] 
[-0.6502972553071603, -0.14525299303424652, 1.228363037109375] 
[-0.6490105262948694, -0.14457592131786795, 1.2224578857421875] 
[-0.6808866933156931, -0.12174981384422201, 1.23236083984375] 
[-0.67723798015364, -0.11832022407703582, 1.239990234375] 
[-0.6715784691805418, -0.11314656276358034, 1.263885498046875] 
[-0.6678162688046105, -0.10968488640371518, 1.2659149169921875] 
[-0.6579298880284695, -0.1038049672775625, 1.2682342529296875] 
[-0.6506968327974006, -0.09985873638447498, 1.2613067626953125] 
[-0.639959067654992, -0.09420813364864204, 1.2474365234375] 
[-0.6329205617877836, -0.09062753931092035, 1.2458343505859375] 
[-0.6034156686444547, -0.06897973653417676, 1.233642578125] 
[-0.5969655726924039, -0.06638347906653476, 1.2385101318359375] 
[-0.5873335811065342, -0.06277315523434893, 1.25579833984375] 
[-0.5808596426290621, -0.06059709956380127, 1.25970458984375] 
[-0.5706974136612111, -0.059157030409442396, 1.2703399658203125] 
[-0.5633692333069206, -0.05848956663669325, 1.264862060546875] 
[-0.5532184481989589, -0.058071358881410864, 1.2668914794921875] 
[-0.5449499554900898, -0.05820604806104786, 1.258087158203125] 
[-0.5282022124261329, -0.07122576480085796, 1.2582550048828125] 
[-0.5217535460771817, -0.07457994403559279, 1.2475433349609375] 
[-0.5117510572122894, -0.08043974081993822, 1.2298126220703125] 
[-0.5050742288884443, -0.08486472604449997, 1.2336578369140625] 
[-0.49169768126135044, -0.0861039395830245, 1.2207489013671875] 
[-0.4799135115351265, -0.08745536365213645, 1.2181854248046875] 
[-0.4646377451142078, -0.08981034047858696, 1.2093048095703125] 
[-0.45469962714780754, -0.09166698482087407, 1.21185302734375] 
[-0.44330097766552, -0.09624170510502005, 1.2107086181640625] 
[-0.4140240128626781, -0.08772528540955596, 1.202239990234375] 
[-0.40327194509429887, -0.09271748812715111, 1.1936798095703125] 
[-0.39667569878403297, -0.09570004789011172, 1.180328369140625] 
[-0.3915163862928423, -0.09809128052558028, 1.1700592041015625] 
[-0.3885442958383739, -0.09951249605811063, 1.176116943359375] 
[-0.3851287537807089, -0.10105480553399718, 1.1590118408203125] 
[-0.3830695571552352, -0.10203986772591009, 1.1530914306640625] 
[-0.3841779533186118, -0.10714174353413525, 1.1308746337890625] 
[-0.38508917750836746, -0.11085322010058521, 1.11834716796875] 
[-0.40308002271934906, -0.1197789649295355, 1.1191558837890625] 
[-0.40406992415894255, -0.12400563197822034, 1.11846923828125] 
[-0.4068817998524603, -0.13023922340886715, 1.136627197265625] 
[-0.4083273140742049, -0.13418889898743308, 1.1371307373046875] 
[-0.41056532187967, -0.141689438618284, 1.150787353515625] 
[-0.41167562401887936, -0.1463518975331285, 1.1636962890625] 
[-0.41115897777587695, -0.14336589387566206, 1.1634063720703125] 
[-0.4105848718215671, -0.14100783542013604, 1.157684326171875] 
[-0.4222989461186552, -0.12102941739709851, 1.160858154296875] 
[-0.42224720924704423, -0.11835321633329064, 1.167877197265625] 
[-0.42061835356231, -0.1149988567568132, 1.171051025390625] 
[-0.41956932420796017, -0.11224960146779626, 1.1647796630859375] 
[-0.41901882128847234, -0.10869094159000607, 1.1466522216796875] 
[-0.4189341838491415, -0.10603667577710224, 1.1385650634765625] 
[-0.41781458482964545, -0.10678625832054436, 1.1202545166015625] 
[-0.41718874350491775, -0.10806045815713565, 1.1166534423828125] 
[-0.416682348564528, -0.10973600695996531, 1.077239990234375] 
[-0.40211825211163654, -0.10638436595616048, 1.0740203857421875] 
[-0.4005251599679559, -0.10359232933454414, 1.0651702880859375] 
[-0.3998316085883725, -0.10159809452528716, 1.0612945556640625] 
[-0.39855942104634956, -0.09803145848024913, 1.0370330810546875] 
[-0.39763508320011504, -0.09527603993308117, 1.0308380126953125] 
[-0.3998070497464578, -0.08690989948631936, 1.0391387939453125] 
[-0.40133791597638657, -0.08169599428022192, 1.0450286865234375] 
[-0.4043321764672463, -0.07212598964940527, 1.0535736083984375] 
[-0.40381862722489104, -0.040506833275606634, 1.0493316650390625] 
[-0.40484333751638685, -0.04161570798354839, 1.036224365234375] 
[-0.4057807880999564, -0.043132276048594716, 1.026885986328125] 
[-0.40740511341960506, -0.04617375061136552, 1.022064208984375] 
[-0.40861078224254244, -0.04874716716452765, 1.015899658203125] 
[-0.4100586793808479, -0.050827326904413814, 0.999786376953125] 
[-0.41144244538383606, -0.05274886896291953, 1.00042724609375] 
[-0.41411055381076484, -0.05632094294427536, 0.986663818359375] 
[-0.416534763816186, -0.059470278479551934, 0.97979736328125] 
[-0.4138239784088061, -0.05497912681879283, 0.9579620361328125] 
[-0.4174285843198277, -0.05439432521488217, 0.9583892822265625] 
[-0.42331983503147835, -0.05392681060341899, 0.96612548828125] 
[-0.42774721308893054, -0.05389019252897061, 0.981597900390625] 
[-0.43343247264824775, -0.06283297648870752, 0.9789581298828125] 
[-0.4379475892508549, -0.07017816199094126, 0.9667205810546875] 
[-0.4442958844883405, -0.08052584767425512, 0.9550933837890625] 
[-0.4496239970467132, -0.08912021692407313, 0.947998046875] 
[-0.4560445346202584, -0.12835411829209464, 0.9161529541015625] 
[-0.4618733207966075, -0.13553452206382435, 0.9003448486328125] 
[-0.4705619027891257, -0.14635733626041886, 0.880615234375] 
[-0.4764138158847627, -0.1534538083523588, 0.8673095703125] 
[-0.4863290469688173, -0.162779451503881, 0.8645477294921875] 
[-0.4938648885533941, -0.16915135714138582, 0.8620147705078125] 
[-0.5056609806140161, -0.17821958618450576, 0.8331451416015625] 
[-0.5138288630846568, -0.18396227790009143, 0.819122314453125] 
[-0.5259065214106139, -0.17973760410224598, 0.77734375] 
[-0.5327814767907834, -0.18147968160670333, 0.77972412109375] 
[-0.5431606622106141, -0.18373296150977167, 0.778106689453125] 
[-0.5500856832453755, -0.18495241576289181, 0.7781829833984375] 
[-0.557438183734016, -0.18686942554865557, 0.773956298828125] 
[-0.5624580249659189, -0.18810936440901332, 0.7700042724609375] 
[-0.5688220540096603, -0.1892552194568338, 0.75665283203125] 
[-0.5735531744209829, -0.18958496325958446, 0.751861572265625] 
[-0.5780146457131187, -0.18697529168837682, 0.7423858642578125] 
[-0.5651726233461477, -0.17228619019486066, 0.7294464111328125] 
[-0.5686847239661124, -0.1681751775712691, 0.7290802001953125] 
[-0.5707448737052037, -0.1649696465998275, 0.72283935546875] 
[-0.5724643262803013, -0.15876397175454807, 0.71673583984375] 
[-0.5733295352288907, -0.1543103454137583, 0.7202911376953125] 
[-0.5743332648627669, -0.14789946460359024, 0.7228851318359375] 
[-0.5746687150573877, -0.14393147959231387, 0.7139129638671875] 
[-0.5744295833608991, -0.14076999946442295, 0.70574951171875] 
[-0.5741115370117722, -0.13929621273197604, 0.697967529296875] 
[-0.5673967973142794, -0.1254330115598743, 0.7021484375] 
[-0.5667022918563325, -0.12569368843006723, 0.7025299072265625] 
[-0.5650309987059385, -0.12955326907069237, 0.6964111328125] 
[-0.563888033720083, -0.1328633974618765, 0.70050048828125] 
[-0.56185911859341, -0.1402529952821187, 0.6894378662109375] 
[-0.5608310707752092, -0.14543662759560652, 0.68609619140625] 
[-0.5577643323401317, -0.15777510261172642, 0.6873321533203125] 
[-0.5560525100029337, -0.1658171191157431, 0.6812744140625] 
[-0.5421328544420647, -0.2006786064591194, 0.6640167236328125] 
[-0.5405285568674181, -0.21028722320619644, 0.650146484375] 
[-0.5400595964445801, -0.22655597757188078, 0.636962890625] 
[-0.5403821734046663, -0.23737335304118493, 0.6298980712890625] 
[-0.5413646866020947, -0.2516585681285053, 0.6215362548828125] 
[-0.5426776426977863, -0.26277414578797176, 0.61962890625] 
[-0.5461849765207095, -0.27395679554721136, 0.6253509521484375] 
[-0.5492278758853203, -0.2811756303024862, 0.627899169921875] 
[-0.5541225505641497, -0.29086980971476206, 0.6150054931640625] 
[-0.5625143081981409, -0.31739669901493756, 0.6113739013671875] 
[-0.5712779921864028, -0.3230594471343573, 0.60418701171875] 
[-0.5784254545160303, -0.32713438508164605, 0.5914764404296875] 
[-0.5901404856623732, -0.33367342954786966, 0.5884552001953125] 
[-0.5985186504912081, -0.3382882118009699, 0.5833740234375] 
[-0.6112514783519066, -0.3495801723854092, 0.598419189453125] 
[-0.6207850073452297, -0.3583306210856777, 0.6029052734375] 
[-0.6357734859368861, -0.3712807274947846, 0.618408203125] 
[-0.6585622085771918, -0.37869352928590955, 0.6144866943359375] 
[-0.6738675405177829, -0.3853226678991014, 0.6250152587890625] 
[-0.6850532881402149, -0.38947193037352296, 0.628173828125] 
[-0.7016801582325077, -0.3955902288535343, 0.6369476318359375] 
[-0.7125366554629485, -0.3996773129753824, 0.632659912109375] 
[-0.7262066941975052, -0.4069702903341025, 0.635711669921875] 
[-0.7357418912791936, -0.41254076834105435, 0.6490020751953125] 
[-0.7485715157208334, -0.4202650045022195, 0.6765594482421875] 
[-0.7587840508071053, -0.42673679494498223, 0.6811981201171875] 
[-0.7683726552182062, -0.4404789029647004, 0.70086669921875] 
[-0.7741737863779079, -0.44943510181897545, 0.701873779296875] 
[-0.7846733766770957, -0.46550861963785845, 0.7176055908203125] 
[-0.7910359771914331, -0.4750249662724675, 0.7264251708984375] 
[-0.7956877059114509, -0.4846886916594186, 0.734527587890625] 
[-0.7986335721612086, -0.49062788864178436, 0.7448272705078125] 
[-0.8023268693007819, -0.4977009764210989, 0.785400390625] 
[-0.8052763104617344, -0.5024286945266198, 0.7957305908203125] 
[-0.7856115494955308, -0.5055202020583771, 0.8110504150390625] 
[-0.7887376558795164, -0.507161851359431, 0.8277130126953125] 
[-0.7936103949370227, -0.5085992011501447, 0.8474578857421875] 
[-0.7969997127160853, -0.5091607995741452, 0.8538665771484375] 
[-0.8017692174892701, -0.5078574136412353, 0.862701416015625] 
[-0.8053456910536338, -0.5067445508496695, 0.8680877685546875] 
[-0.8102503775448251, -0.5050722655996032, 0.8827972412109375] 
[-0.8142800789858372, -0.5034973261328921, 0.884490966796875] 
[-0.8142140325520815, -0.4732063898573227, 0.8721923828125] 
[-0.81789493017136, -0.46792613708231273, 0.8814239501953125] 
[-0.8226568034904778, -0.45951648998111827, 0.895294189453125] 
[-0.8252798514956062, -0.453433903121007, 0.908416748046875] 
[-0.8287764551967665, -0.4446792852043995, 0.9353179931640625] 
[-0.8306303735120689, -0.4381540178981443, 0.9479522705078125] 
[-0.8322437309747424, -0.427881381272824, 0.9439697265625] 
[-0.8327401098538806, -0.42090418942417096, 0.9477386474609375] 
[-0.8300596010349344, -0.4126488096553027, 0.9462890625] 
[-0.8222369426779699, -0.39618790116286506, 0.9578399658203125] 
[-0.8176986982345156, -0.3891307657180461, 0.938629150390625] 
[-0.8142013781632701, -0.38533717038090315, 0.92852783203125] 
[-0.8097515884268613, -0.3844423842596463, 0.929046630859375] 
[-0.8024124401046181, -0.3841670237749364, 0.9406585693359375] 
[-0.793317360239184, -0.3853832144752932, 0.9513397216796875] 
[-0.7877989900336344, -0.3868055183860597, 0.9623870849609375] 
[-0.7798351944711936, -0.3940174645613504, 0.98248291015625] 
[-0.7750633065673926, -0.3993890817852524, 0.995361328125] 
[-0.756768247213131, -0.43045352831503486, 0.994415283203125] 
[-0.7540700987817904, -0.43638964366832517, 1.0003204345703125] 
[-0.7549639202313128, -0.44332550403707266, 0.999237060546875] 
[-0.7563724811249388, -0.447057284078045, 0.9936370849609375] 
[-0.7599239212253194, -0.4525043118343985, 0.9762420654296875] 
[-0.763635100146082, -0.4555381732863243, 0.9755859375] 
[-0.7712641630075348, -0.4555367226426579, 0.970947265625] 
[-0.77621057215672, -0.4544738928200788, 0.9656982421875] 
[-0.7946336668494159, -0.4623928213389273, 0.9424896240234375] 
[-0.7996353882200229, -0.4592862679272227, 0.94036865234375] 
[-0.8064144968395214, -0.44854521023589083, 0.935943603515625] 
[-0.8110461967398287, -0.44041237347210005, 0.9400787353515625] 
[-0.8178865768524818, -0.4287674659049999, 0.93658447265625] 
[-0.8224865674076189, -0.42139472687380175, 0.931640625] 
[-0.829114283083625, -0.4096599055014759, 0.955047607421875] 
[-0.8353645852465619, -0.3988941939865674, 0.970458984375] 
[-0.8582133763954638, -0.34428795535952755, 0.98492431640625] 
[-0.8643163383750802, -0.335193622640137, 1.0115966796875] 
[-0.8722577236222231, -0.3248234590987462, 1.03485107421875] 
[-0.8794249731112297, -0.3164437226247311, 1.0404510498046875] 
[-0.8882830659999218, -0.3065450617784273, 1.0316925048828125] 
[-0.8950140151269828, -0.29917123436899296, 1.0210723876953125] 
[-0.8985029883670884, -0.29372203143811243, 1.0227203369140625] 
[-0.9001730895073005, -0.2909354327528139, 1.014862060546875] 
[-0.901581648266808, -0.288395914910455, 0.9803619384765625] 
[-0.8927225986570556, -0.2823582853484428, 0.9510498046875] 
[-0.8911354665493901, -0.28575524512480455, 0.943389892578125] 
[-0.8893897880789954, -0.2891884607101843, 0.934844970703125] 
[-0.8855143434067589, -0.2956123933584876, 0.947662353515625] 
[-0.8821200203724797, -0.30059172537066264, 0.995635986328125] 
[-0.8729045433860035, -0.3136779708121004, 1.0238494873046875] 
[-0.8660136168326859, -0.3232581275756646, 1.03271484375] 
[-0.8560309178948678, -0.3363010474953849, 1.029144287109375] 
[-0.8478804433656911, -0.3467181623766868, 1.041107177734375] 
[-0.7951898776642242, -0.39212746490640554, 1.063507080078125] 
[-0.7858494681852546, -0.39942606212513115, 1.0648193359375] 
[-0.773264939211706, -0.4098638427463858, 1.059967041015625] 
[-0.7651590457705334, -0.4172008701576839, 1.066619873046875] 
[-0.7556579455860081, -0.42631387457521525, 1.0850677490234375] 
[-0.7504633464067683, -0.4326874119891017, 1.1038818359375] 
[-0.7451361884031249, -0.4413881907767865, 1.1413421630859375] 
[-0.7424373244463761, -0.4485867228485115, 1.1575927734375] 
[-0.749676102348121, -0.455730689678508, 1.1704254150390625] 
[-0.756669786889754, -0.46088531702839236, 1.18255615234375] 
[-0.766002808428139, -0.4670661569173799, 1.2006072998046875] 
[-0.7738519297423085, -0.47187726330454505, 1.2175750732421875] 
[-0.7861272364612327, -0.47537628226971934, 1.233917236328125] 
[-0.7938697860552122, -0.4771692984067391, 1.2462310791015625] 
[-0.8079985359369305, -0.47958445954395107, 1.2607879638671875] 
[-0.815684818438573, -0.4803166399002037, 1.2687835693359375] 
[-0.880306664010338, -0.45703353142229985, 1.2396240234375] 
[-0.8958525554773487, -0.45380225904001803, 1.2290191650390625] 
[-0.9180204421017651, -0.4480508658353513, 1.2370452880859375] 
[-0.9369217957045757, -0.4423330090760574, 1.2657318115234375] 
[-0.9536838444606428, -0.4320480459344351, 1.3031768798828125] 
[-0.9660189923767865, -0.42412096011562356, 1.336883544921875] 
[-0.9836824900132339, -0.4124325451031182, 1.3765716552734375] 
[-0.9984611595142723, -0.40236765267361657, 1.411712646484375] 
[-1.0103135135188668, -0.3907459490773992, 1.4488525390625] 
[-0.9904327421033053, -0.3688942082647731, 1.4694671630859375] 
[-1.0005632592777558, -0.35668008916282756, 1.5335235595703125] 
[-1.006526985434951, -0.3487423078131231, 1.5617218017578125] 
[-1.0168997315555344, -0.33201836535227763, 1.58135986328125] 
[-1.0235882413288464, -0.3211121636650114, 1.5847625732421875] 
[-1.031523426585209, -0.3066302621781958, 1.5792694091796875] 
[-1.036944280082521, -0.2953018654429958, 1.5795135498046875] 
[-1.038261286774872, -0.2906756615461968, 1.5699005126953125] 
[-1.0385087613927542, -0.28802592800603494, 1.5748443603515625] 
[-1.0260439124153125, -0.27782163299143914, 1.5433197021484375] 
[-1.0256250159948725, -0.27577954117869524, 1.5296783447265625] 
[-1.0253680036810322, -0.27504119756429163, 1.51971435546875] 
[-1.025379447185226, -0.27416925235751455, 1.5187225341796875] 
[-1.025372772028436, -0.2728856265009816, 1.4873046875] 
[-1.0253505982803783, -0.27167922408599665, 1.4734039306640625] 
[-1.0218427887831778, -0.2718336725510381, 1.45855712890625] 
[-1.0196515107188477, -0.27151969995006786, 1.451171875] 
[-0.995613736207674, -0.2967357705482311, 1.4256744384765625] 
[-0.9927947086743333, -0.2953294189719603, 1.4200897216796875] 
[-0.9911246062990599, -0.29259575375200864, 1.4029693603515625] 
[-0.990208613985473, -0.2907791713786758, 1.3974609375] 
[-0.9885644988076671, -0.28821862553093375, 1.4024810791015625] 
[-0.9871788267079923, -0.2872299383117998, 1.4097747802734375] 
[-0.9852676867097826, -0.28661576947885536, 1.4317779541015625] 
[-0.9835239145556328, -0.28743224378032806, 1.4275054931640625] 
[-0.9799770065750092, -0.29049746571212715, 1.4294891357421875] 
[-0.9742865047269477, -0.3040856694559219, 1.4282684326171875] 
[-0.9704043838040421, -0.3114993769106228, 1.429595947265625] 
[-0.9671712308958035, -0.317454345094769, 1.42913818359375] 
[-0.9595416941567086, -0.33076936273740853, 1.42230224609375] 
[-0.9543840504278122, -0.33905229682621374, 1.4175872802734375] 
[-0.941664579703037, -0.3573058591902408, 1.4075164794921875] 
[-0.9299292882693065, -0.3743162199321195, 1.3988037109375] 
[-0.913125997526474, -0.3998040259877716, 1.4076690673828125] 
[-0.9012297773987892, -0.4257714920384737, 1.39556884765625] 
[-0.8850923805627885, -0.456451086916604, 1.401275634765625] 
[-0.8734672382125228, -0.4808340055569657, 1.40118408203125] 
[-0.8561816339617208, -0.5210208833151937, 1.4249420166015625] 
[-0.8448387758030644, -0.5501748463737663, 1.4309539794921875] 
[-0.8276895485520862, -0.6006359925336963, 1.4221343994140625] 
[-0.8155501444478717, -0.6391899216889788, 1.408843994140625] 
[-0.7994056006662492, -0.6949247943093648, 1.4000701904296875] 
[-0.7868794884083086, -0.7428482355360326, 1.3946380615234375] 
[-0.7618480080771426, -0.8506367771029643, 1.3997039794921875] 
[-0.7516969920060269, -0.9038266939446735, 1.40582275390625] 
[-0.7388380558886912, -0.9783605923039311, 1.4011077880859375] 
[-0.7306918778830557, -1.0304427220249621, 1.3919677734375] 
[-0.7227214163381223, -1.1073819932360598, 1.4033660888671875] 
[-0.7177573707808256, -1.1579511799192654, 1.4154815673828125] 
[-0.7087529035224712, -1.255952002450502, 1.427001953125] 
[-0.7030886343348365, -1.3189822087368503, 1.4309539794921875] 
[-0.6994490005193401, -1.4510784395444074, 1.458282470703125] 
[-0.6921856781641911, -1.5225811958153845, 1.4660186767578125] 
[-0.6807734512974136, -1.6333816643743104, 1.4913482666015625] 
[-0.673006355439891, -1.7094308620786356, 1.4900054931640625] 
[-0.6668526237828785, -1.813880089949037, 1.497100830078125] 
[-0.6620158959167688, -1.8912613154934728, 1.5060272216796875] 
[-0.6541655992632407, -2.0103091868630467, 1.531646728515625] 
[-0.6483942818087898, -2.091678881235024, 1.5383453369140625] 
[-0.6424493996790164, -2.190016879547141, 1.5490264892578125] 
[-0.6315957745717808, -2.27215120313348, 1.5534515380859375] 
[-0.6149062106510172, -2.398535015118061, 1.548370361328125] 
[-0.603523539953514, -2.4849605404129007, 1.534698486328125] 
[-0.5818365431814868, -2.61031433290747, 1.518829345703125] 
[-0.565715597021367, -2.70388074340323, 1.507965087890625] 
[-0.5436426023234168, -2.835275067538117, 1.4913482666015625] 
[-0.525656767478117, -2.9451376055867833, 1.483062744140625] 
[-0.5082498089034103, -3.0806592561542154, 1.4674072265625] 
[-0.4789108476656703, -3.1845059171771135, 1.450836181640625] 
[-0.46253026730397623, -3.325215369274372, 1.4564361572265625] 
[-0.44872886376984666, -3.442643345461081, 1.4567718505859375] 
[-0.43110351151857157, -3.5894371973275474, 1.4575042724609375] 
[-0.41807743499302447, -3.697925651525338, 1.4625244140625] 
[-0.398183556751232, -3.863625302515918, 1.485870361328125] 
[-0.3847795895003566, -3.9759949087578623, 1.494110107421875] 
[-0.3645781507634037, -4.13174641012227, 1.49932861328125] 
[-0.3514090196682437, -4.232082087929123, 1.5052337646484375] 
[-0.31680630643674756, -4.407320201146959, 1.5349273681640625] 
[-0.30068797188404367, -4.525518243693375, 1.5446929931640625] 
[-0.27937741727992726, -4.692388584688068, 1.55267333984375] 
[-0.2643433948906618, -4.815618892712005, 1.559600830078125] 
[-0.24423588508688857, -4.9875302006733016, 1.579315185546875] 
[-0.22830637132841144, -5.130281925716019, 1.5793914794921875] 
[-0.20452749135945006, -5.312800145587155, 1.5661468505859375] 
[-0.18719036794131863, -5.44719279989581, 1.56915283203125] 
[-0.14622837070171205, -5.649668953973719, 1.57086181640625] 
[-0.12711528339564515, -5.80397241001652, 1.5677642822265625] 
[-0.11011146279189993, -5.9968336021655135, 1.5659637451171875] 
[-0.09956871136892351, -6.1197057056122155, 1.55010986328125] 
[-0.07951316326173348, -6.34980928447459, 1.530914306640625] 
[-0.06670688903479853, -6.492600890353547, 1.5311737060546875] 
[-0.051929867362663584, -6.680938845040074, 1.5416717529296875] 
[-0.041051662294487014, -6.818304451959032, 1.5419464111328125] 
[-0.04833193614724172, -7.013313420136803, 1.5244140625] 
[-0.03670033477966916, -7.152596217974241, 1.5205230712890625] 
[-0.013850303805421698, -7.349125743091655, 1.5160064697265625] 
[0.0009622472831496466, -7.4751100198100655, 1.514801025390625] 
[0.02823776032757279, -7.710818699921058, 1.499114990234375] 
[0.04466701301446872, -7.8569023066821755, 1.4801025390625] 
[0.06411485350438981, -8.050874368371895, 1.470550537109375] 
[0.07777752774800828, -8.192206327734775, 1.46673583984375] 
[0.09654278624607454, -8.387688793440418, 1.4718017578125] 
[0.11621688720377732, -8.516761314137824, 1.456695556640625] 
[0.1361360825905931, -8.71868638418991, 1.4547576904296875] 
[0.14886464689432582, -8.848200496955224, 1.4534454345703125] 
[0.17054335768722523, -9.071333591416215, 1.451507568359375] 
[0.18688250134176795, -9.239538860747377, 1.4498138427734375] 
[0.20549375209647494, -9.449717135393804, 1.4376678466796875] 
[0.21888512036366148, -9.603078672842724, 1.4376373291015625] 
[0.23900984198474357, -9.834078488470022, 1.455291748046875] 
[0.25232444137744486, -9.988732897453673, 1.4642333984375] 
[0.2701074421855535, -10.191931261678775, 1.4597015380859375] 
[0.2831612169025696, -10.339322966987286, 1.45635986328125] 
[0.3012188758035856, -10.543193507599621, 1.4627685546875] 
[0.3158481068785208, -10.710970962022847, 1.4675750732421875] 
[0.3314329170980089, -10.928659203111037, 1.48004150390625] 
[0.3410930777585109, -11.06872149491007, 1.48388671875] 
[0.3592480214290441, -11.32951608871233, 1.468536376953125] 
[0.37083506612409384, -11.490178761610903, 1.4642181396484375] 
[0.3795263125960558, -11.710306274261738, 1.4704437255859375] 
[0.3938985377058084, -11.865781507895916, 1.48590087890625] 
[0.41619668387715614, -12.098109724754158, 1.480499267578125] 
[0.43151685497385023, -12.252137639179535, 1.467132568359375] 
[0.4556069401237007, -12.462408002805715, 1.4620208740234375] 
[0.47334990086119044, -12.613665996202123, 1.4608612060546875] 
[0.4977847387556037, -12.818988207954256, 1.4599761962890625] 
[0.517620999781047, -12.983498315318895, 1.456146240234375] 
[0.5519010048270623, -13.166645206504779, 1.4402618408203125] 
[0.5662951712243453, -13.285149970015778, 1.439697265625] 
[0.5926516550585469, -13.494186196565295, 1.4287261962890625] 
[0.6065575447175032, -13.600391641365551, 1.4351348876953125] 
[0.6250868137975323, -13.758178527095435, 1.45550537109375] 
[0.6364039773152631, -13.853949635168942, 1.45556640625] 
[0.6529872903306478, -13.987005911288435, 1.4555206298828125] 
[0.6624257305552592, -14.059018058630869, 1.4486541748046875] 
[0.6813512440232239, -14.16123974721807, 1.443145751953125] 
[0.6763463970983294, -14.110300753972187, 1.428802490234375] 
[0.6942262128132938, -14.19320405633097, 1.4380950927734375] 
[0.7068246234815997, -14.248286329134865, 1.4408416748046875] 
[0.7172863453784439, -14.298076747969283, 1.4417266845703125] 
[0.7238804723703969, -14.329681402652254, 1.4351806640625] 
[0.7316490388474602, -14.366370530165286, 1.4211883544921875] 
[0.7363606297091843, -14.388338469592123, 1.3988189697265625] 
[0.7372957012253972, -14.40425608909327, 1.39520263671875] 
[0.7371321480187314, -14.41086329324653, 1.390350341796875] 
[0.6972040541260406, -14.310682064695692, 1.416412353515625] 
[0.6941289580818697, -14.311080875431, 1.4381256103515625] 
[0.6843262270647742, -14.309687213427434, 1.4578094482421875] 
[0.6770597716466294, -14.307189933519531, 1.4698944091796875] 
[0.6654527045872245, -14.300376798079547, 1.4741973876953125] 
[0.6573474979324501, -14.29411329602172, 1.4802703857421875] 
[0.6479777314999698, -14.292786343852498, 1.4859466552734375] 
[0.6413101774185173, -14.291282465360156, 1.4811248779296875] 
[0.6013301228372682, -14.276413355123475, 1.528717041015625] 
[0.5939973862910669, -14.27322577052834, 1.5301666259765625] 
[0.5878386132387764, -14.279232583799597, 1.526214599609375] 
[0.5836925528148662, -14.28351508480999, 1.5301971435546875] 
[0.578084044567255, -14.288574903816475, 1.569793701171875] 
[0.5735512716514977, -14.29200757600371, 1.5828704833984375] 
[0.568091538092987, -14.30856474269224, 1.606170654296875] 
[0.5647184233716613, -14.318874359657439, 1.6130523681640625] 
[0.5590412532254302, -14.335785380574151, 1.6457977294921875] 
[0.5600688441767628, -14.45102859881026, 1.6519622802734375] 
[0.5566132397387241, -14.473302534670818, 1.6565399169921875] 
[0.5546720538554937, -14.485957158253408, 1.6575775146484375] 
[0.5520900060020041, -14.502534628416457, 1.653350830078125] 
[0.550292347254707, -14.515382131447636, 1.6482086181640625] 
[0.5507710891689578, -14.533428674937676, 1.6456298828125] 
[0.5515511904410545, -14.546036891369473, 1.6490020751953125] 
[0.5529630949369799, -14.562369273940424, 1.6302490234375] 
[0.5733782326880704, -14.671042993684985, 1.6224365234375] 
[0.5794912329170617, -14.683110278223706, 1.62237548828125] 
[0.5841937598158539, -14.690397635722421, 1.6201934814453125] 
[0.5913019103288625, -14.700585435004376, 1.6294708251953125] 
[0.5958837983733074, -14.706927248881987, 1.630126953125] 
[0.6023768328640383, -14.71365482165677, 1.62841796875] 
[0.606538631219061, -14.717481953439286, 1.62957763671875] 
[0.6121805192474568, -14.722151663199545, 1.6410064697265625] 
[0.6167686063742058, -14.725494421581553, 1.6398773193359375] 
[0.6271497377876026, -14.738752336542506, 1.64501953125] 
[0.6350460926961338, -14.748747256375875, 1.648468017578125] 
[0.6460013310510891, -14.761941361998845, 1.6669769287109375] 
[0.6549138163814004, -14.772252428816739, 1.658660888671875] 
[0.6587818863168892, -14.774558279919724, 1.6526641845703125] 
[0.6600879311653404, -14.77447126661086, 1.6481170654296875] 
[0.6622637196821042, -14.773994144055766, 1.642730712890625] 
[0.663303215443459, -14.773619987144034, 1.640045166015625] 
[0.6644876693707014, -14.776050556426622, 1.6463623046875] 
[0.6654713753937987, -14.776981598356898, 1.6427459716796875] 
[0.6669905653897028, -14.778762468319357, 1.642608642578125] 
[0.6676891266286205, -14.77988929019458, 1.64453125] 
[0.6672361350807462, -14.781483082492146, 1.63800048828125] 
[0.6667392761598943, -14.782556245580189, 1.631317138671875] 
[0.6659725290704014, -14.783984712749108, 1.637359619140625] 
[0.6652830279302363, -14.785083979513418, 1.644805908203125] 
[0.6606033907118524, -14.793253071295254, 1.6513671875] 
[0.6600159326011562, -14.794629330320658, 1.645294189453125] 
[0.6591471443192095, -14.796400049732318, 1.6544342041015625] 
[0.6582664333214283, -14.797776308757722, 1.64892578125] 
[0.6575874236707868, -14.80075651221344, 1.63775634765625] 
[0.6568278295628632, -14.802795522397107, 1.62939453125] 
[0.6555260759824939, -14.80555819178969, 1.6142120361328125] 
[0.6541899901809907, -14.807801683407385, 1.609588623046875] 
[0.6534432701323526, -14.808084475870226, 1.5997314453125] 
[0.6588777357520309, -14.81248444500578, 1.5801544189453125] 
[0.6576045915903582, -14.812648319490764, 1.5916748046875] 
[0.6566494946501916, -14.812610613829051, 1.5897674560546875] 
[0.6565274264670177, -14.814448043075052, 1.5955963134765625] 
[0.6562899637183439, -14.815698133277184, 1.5899200439453125] 
[0.6557339775057269, -14.817376038387257, 1.5895233154296875] 
[0.6553439269531499, -14.818414396309947, 1.5904693603515625] 
[0.6540297765250989, -14.817732792320829, 1.5911407470703125] 
[0.6529073105372104, -14.81713385129152, 1.5890655517578125] 
[0.659916754800226, -14.81485120495039, 1.5981597900390625] 
[0.6586564857263927, -14.814250813277413, 1.597320556640625] 
[0.6589616585451166, -14.813605465097309, 1.590362548828125] 
[0.6591542989660129, -14.813250161016432, 1.5917205810546875] 
[0.6594899884810687, -14.81270922912336, 1.583648681640625] 
[0.6598027905205339, -14.8123901808515, 1.58685302734375] 
[0.6602891610024147, -14.812182798921112, 1.58636474609375] 
[0.6607030517711292, -14.812129140924906, 1.5888824462890625] 
[0.6733925292434864, -14.809195344619978, 1.5956268310546875] 
[0.6744692183895987, -14.809327315226945, 1.592926025390625] 
[0.6778828657037611, -14.809859545630939, 1.5984649658203125] 
[0.6805846013333675, -14.810338118829698, 1.5941314697265625] 
[0.6847292324232258, -14.811154592340197, 1.5985260009765625] 
[0.6875907078733164, -14.811812993149408, 1.6015472412109375] 
[0.6933217624567997, -14.813016675409775, 1.597564697265625] 
[0.6970243709865458, -14.813905660538312, 1.592498779296875] 
[0.7211607005594017, -14.815759042909779, 1.607879638671875] 
[0.7251393951215203, -14.817114998460662, 1.6044158935546875] 
[0.7322828290774609, -14.821939882007797, 1.59796142578125] 
[0.7372986350260725, -14.825733659268625, 1.596588134765625] 
[0.7444458863883314, -14.831530190113135, 1.5924224853515625] 
[0.7489524343587836, -14.835474790020813, 1.592132568359375] 
[0.7531795593321251, -14.841519308162809, 1.5860443115234375] 
[0.7556753045871477, -14.845829363493138, 1.5874481201171875] 
[0.7589253986297096, -14.852291545992271, 1.5859527587890625] 
[0.7732227615433251, -14.872001492110584, 1.5889739990234375] 
[0.7737191452946475, -14.877068562753458, 1.584930419921875] 
[0.7735331803120993, -14.880501234149717, 1.578826904296875] 
[0.7728589391161969, -14.885526247990853, 1.5758819580078125] 
[0.7722543169737138, -14.888361429001472, 1.5758056640625] 
[0.7712448604713312, -14.892142153633197, 1.574432373046875] 
[0.7705668058752002, -14.894104301849772, 1.574493408203125] 
[0.7691024523431709, -14.897297687437629, 1.5872955322265625] 
[0.7676252243027286, -14.899542628908018, 1.5855255126953125] 
[0.7633456479139469, -14.900002348484948, 1.5975341796875] 
[0.7597679708292299, -14.89999364778684, 1.599822998046875] 
[0.7542905909829879, -14.89967749922037, 1.6030731201171875] 
[0.7493367731600049, -14.899072757198342, 1.597808837890625] 
[0.7438851420010018, -14.89885522471715, 1.59722900390625] 
[0.7398306321192134, -14.898575331959698, 1.5994415283203125] 
[0.7333752668231517, -14.897596433025935, 1.6051483154296875] 
[0.7289159257796374, -14.896579828430463, 1.6004486083984375] 
[0.7249625033625695, -14.894233371960377, 1.595855712890625] 
[0.721449196900155, -14.893179061703192, 1.5933074951171875] 
[0.7160762437962632, -14.891285073964621, 1.5903167724609375] 
[0.7123936623373317, -14.889894312457416, 1.5876617431640625] 
[0.706713151185233, -14.886496445435535, 1.591644287109375] 
[0.7024111639375028, -14.883912153009735, 1.5871734619140625] 
[0.6966815385871735, -14.880446126300818, 1.5890960693359375] 
[0.6928025027831736, -14.878015556227256, 1.59344482421875] 
[0.690664859116935, -14.872677295106985, 1.60211181640625] 
[0.6885424753071712, -14.871248827938066, 1.594482421875] 
[0.6866232231003605, -14.869335987368641, 1.5785369873046875] 
[0.6862689348515825, -14.867804554556363, 1.5770416259765625] 
[0.6903849572046967, -14.864231211064057, 1.577423095703125] 
[0.6940990081179949, -14.861819494612321, 1.57684326171875] 
[0.7020974040576098, -14.857677664907003, 1.575225830078125] 
[0.7087029698001821, -14.854903392738006, 1.571685791015625] 
[0.7241747674293588, -14.847868373676807, 1.56439208984375] 
[0.7653621615052093, -14.826567535757288, 1.5542755126953125] 
[0.7851812435816119, -14.819670287504803, 1.54229736328125] 
[0.7996350034571373, -14.8154196911634, 1.54339599609375] 
[0.8226817695316889, -14.812314768737105, 1.5362091064453125] 
[0.840583985500636, -14.81064121476706, 1.534332275390625] 
[0.869514868356826, -14.808304909638752, 1.528717041015625] 
[0.8902542398205191, -14.806758974344671, 1.5254669189453125] 
[0.9236797518400405, -14.805607499436844, 1.5209197998046875] 
[0.9493924911138422, -14.804789575282676, 1.5156097412109375] 
[1.0150914872057837, -14.807808934252801, 1.5074615478515625] 
[1.0435746253804759, -14.806789429160968, 1.5133514404296875] 
[1.0882619753529656, -14.801307596239264, 1.5131988525390625] 
[1.1154629096854223, -14.797550074787448, 1.514556884765625] 
[1.164367846989125, -14.790960272821378, 1.520172119140625] 
[1.2028887938143866, -14.785854046664099, 1.5200653076171875] 
[1.2558158167266031, -14.778246190249861, 1.5194091796875] 
[1.2908158297822123, -14.77333864453389, 1.52288818359375] 
[1.3787719458170682, -14.746599479556124, 1.5067596435546875] 
[1.4214346632310377, -14.74081310005339, 1.500762939453125] 
[1.4765212608542995, -14.73496146056901, 1.4999542236328125] 
[1.526721276549103, -14.72992339488974, 1.4970550537109375] 
[1.5892202432447322, -14.723690346857236, 1.486328125] 
[1.641190737300823, -14.718613124872588, 1.47552490234375] 
[1.706627949348523, -14.714085537061068, 1.4640960693359375] 
[1.7484585930771441, -14.711285161215802, 1.4568634033203125] 
[1.8213091251312639, -14.706654607760921, 1.4416046142578125] 
[1.8904875682947342, -14.706499433974047, 1.4296722412109375] 
[1.9565541954753543, -14.697033844839284, 1.419281005859375] 
[1.9992259711908202, -14.690918264931947, 1.4104766845703125] 
[2.0738398280099957, -14.680235941698681, 1.40057373046875] 
[2.1244751889164135, -14.67296743623985, 1.393035888671875] 
[2.1981577921312847, -14.666358782233896, 1.3775177001953125] 
[2.2472730112952957, -14.662359073686345, 1.3700714111328125] 
[2.31520930116398, -14.656514685838347, 1.3607940673828125] 
[2.351455751235271, -14.649732004423692, 1.333831787109375] 
[2.4196700334452883, -14.642186507494742, 1.3246917724609375] 
[2.4694208701159956, -14.636339218359414, 1.3252105712890625] 
[2.5375641023372797, -14.628116468581368, 1.3319244384765625] 
[2.586680750091406, -14.622118356799193, 1.333892822265625] 
[2.654325692299231, -14.614043529171637, 1.3280792236328125] 
[2.7088725124671735, -14.607736520459378, 1.3246917724609375] 
[2.773668379407439, -14.600563730589467, 1.3087158203125] 
[2.8190838497036292, -14.5957809030531, 1.305328369140625] 
[2.8692471357680542, -14.576954141070603, 1.2943267822265625] 
[2.9015096401523213, -14.561826891403685, 1.2897491455078125] 
[2.945189426444398, -14.540492698962481, 1.307037353515625] 
[2.9708907104201563, -14.527344999699329, 1.2955322265625] 
[3.0028456657412335, -14.524299537052935, 1.277435302734375] 
[3.0241920456474496, -14.525903480692277, 1.2705230712890625] 
[3.0513720003469826, -14.529608794000575, 1.2881011962890625] 
[3.0666888293802823, -14.532754322584942, 1.2842559814453125] 
[3.01405224174792, -14.593807152851081, 1.2843780517578125] 
[3.0152014164152097, -14.603252439302292, 1.285430908203125] 
[3.0142377460685927, -14.61606658702081, 1.2876434326171875] 
[3.011444466074727, -14.626199276871919, 1.2828369140625] 
[3.00305078080632, -14.633272002385802, 1.28692626953125] 
[2.997847583694646, -14.636630713102306, 1.2853546142578125] 
[2.98750651159001, -14.64164702545436, 1.305450439453125] 
[2.979743672603853, -14.64451411113397, 1.310211181640625] 
[2.924609861921939, -14.63613328707269, 1.3258819580078125] 
[2.916766913772731, -14.636139088065413, 1.3232421875] 
[2.9052838230146882, -14.636050624903854, 1.3250579833984375] 
[2.895471079162487, -14.636043373267464, 1.329437255859375] 
[2.889152089266158, -14.63689175223793, 1.33380126953125] 
[2.8851104545899275, -14.637729979866618, 1.340179443359375] 
[2.877646112956243, -14.639680526097756, 1.35357666015625] 
[2.87232370554251, -14.641361331704188, 1.3567657470703125] 
[2.8704812246789717, -14.644424197328746, 1.3706512451171875] 
[2.9071921161488685, -14.64633703868914, 1.3835296630859375] 
[2.906400099257619, -14.650391855085594, 1.4024505615234375] 
[2.9054941187903016, -14.653635998173296, 1.4063720703125] 
[2.9074391211632387, -14.656411720194988, 1.404327392578125] 
[2.9086774582079014, -14.658328911113466, 1.3951416015625] 
[2.909898152865555, -14.661454136223313, 1.403778076171875] 
[2.9103883387649483, -14.663910809973146, 1.4101104736328125] 
[2.9147036805167774, -14.669241820248002, 1.4162139892578125] 
[2.9163816572820798, -14.672836916276554, 1.4159698486328125] 
[2.973032269900655, -14.67276150495313, 1.4268341064453125] 
[2.974423194482353, -14.676788767029647, 1.431121826171875] 
[2.974419862531023, -14.685822190907414, 1.4362945556640625] 
[2.9741251847340235, -14.691382335648905, 1.4465484619140625] 
[2.9734900493773653, -14.70073190730217, 1.4459228515625] 
[2.973092374635236, -14.706783677080553, 1.4388275146484375] 
[2.9735334508225444, -14.715561861233475, 1.4371337890625] 
[2.973678889376556, -14.720792806361331, 1.433868408203125] 
[2.9962230894279487, -14.743590271927776, 1.435211181640625] 
[2.9967833708340197, -14.74811350939024, 1.4368438720703125] 
[2.9971882029123855, -14.749602886191754, 1.4506072998046875] 
[2.9975601318094482, -14.750037951945108, 1.4532470703125] 
[2.9985071243757715, -14.75034684887519, 1.4541168212890625] 
[2.9995251614142804, -14.750210528710143, 1.45880126953125] 
[3.003443773479178, -14.74824402935354, 1.4667510986328125] 
[3.0060715986914475, -14.747034545309479, 1.4652252197265625] 
[3.010872350490223, -14.744657634023095, 1.485107421875] 
[3.0276086957501263, -14.725298641636606, 1.4901275634765625] 
[3.0295694320986395, -14.723364047739967, 1.50238037109375] 
[3.0307624662429196, -14.721815211949526, 1.503143310546875] 
[3.0323631927181416, -14.719264274045413, 1.5208892822265625] 
[3.033152826393429, -14.717679183236926, 1.5124664306640625] 
[3.0323040635804515, -14.716810501582913, 1.511749267578125] 
[3.0310371186824243, -14.71652480783274, 1.5125274658203125] 
[3.028621482213856, -14.716400088862164, 1.516326904296875] 
[3.0150203011326995, -14.717413792961278, 1.519500732421875] 
[3.0113787292689222, -14.720505662758464, 1.520233154296875] 
[3.0082096999858177, -14.723377099578101, 1.5180511474609375] 
[3.0023360756315114, -14.728486226231741, 1.5410308837890625] 
[2.997719382774343, -14.732348163179608, 1.5394439697265625] 
[2.987377832995519, -14.736955513454577, 1.5380096435546875] 
[2.9790509021799796, -14.74018515406048, 1.5370025634765625] 
[2.966800591523466, -14.74450681137625, 1.5426788330078125] 
[2.957434640905246, -14.747400001523102, 1.5434112548828125] 
[2.9351102833666936, -14.757158534462478, 1.5515289306640625] 
[2.9191578422545885, -14.763941215877136, 1.5500335693359375] 
[2.89500912084658, -14.773422757346394, 1.5554656982421875] 
[2.8788573636730272, -14.779335305672399, 1.5524139404296875] 
[2.8629030131475357, -14.782598301590957, 1.5488128662109375] 
[2.853834604963734, -14.78377733081872, 1.5506134033203125] 
[2.8372894577866385, -14.785764132858874, 1.5552215576171875] 
[2.827318881457074, -14.786957664568439, 1.5602264404296875] 
[2.8217938209705093, -14.789813148262606, 1.5597686767578125] 
[2.815199221389194, -14.790999429126757, 1.54718017578125] 
[2.8063215472781358, -14.792907919347128, 1.522705078125] 
[2.7992768192142807, -14.794732295964021, 1.5234832763671875] 
[2.794117963646906, -14.794253723556235, 1.5177459716796875] 
[2.790926996287449, -14.79403038929135, 1.527984619140625] 
[2.785980809409711, -14.793721492361268, 1.5351409912109375] 
[2.7827960414743775, -14.7934343487584, 1.5388031005859375] 
[2.7990727228480923, -14.777725561040334, 1.5484619140625] 
[2.7966284777288553, -14.776775667070178, 1.5609588623046875] 
[2.793086560584069, -14.775057155802031, 1.5610809326171875] 
[2.7907906094955925, -14.773717151794674, 1.563934326171875] 
[2.790145929646863, -14.772197320967837, 1.5638275146484375] 
[2.789541304572418, -14.7711633133942, 1.555328369140625] 
[2.7886853894572003, -14.769805907199654, 1.560333251953125] 
[2.7879195949356963, -14.768840060104028, 1.5602264404296875] 
[2.7836671985735504, -14.768623977475531, 1.5571746826171875] 
[2.7909541584388653, -14.766817003045826, 1.5535888671875] 
[2.785217381385128, -14.767514558578469, 1.5572967529296875] 
[2.781516682144284, -14.768273024534682, 1.5592498779296875] 
[2.77604121061694, -14.77015541028781, 1.5517425537109375] 
[2.7719909929212205, -14.771911627217666, 1.54510498046875] 
[2.7658956404043606, -14.775135467621816, 1.5510711669921875] 
[2.7618082290802315, -14.777734262529416, 1.54656982421875] 
[2.7550929942704685, -14.781658558962572, 1.542755126953125] 
[2.7502951031730625, -14.784963611682869, 1.545623779296875] 
[2.7380352565185255, -14.792587420431603, 1.5324554443359375] 
[2.733291725357496, -14.79681481280212, 1.5244903564453125] 
[2.7269255317151027, -14.802312598849294, 1.5032958984375] 
[2.7224199406158727, -14.80652548873801, 1.4903717041015625] 
[2.715883518337164, -14.81301232506072, 1.480804443359375] 
[2.7116530606466225, -14.817289025078392, 1.46832275390625] 
[2.7064846719570497, -14.824102161309346, 1.45758056640625] 
[2.7029108116649807, -14.8288182782204, 1.4563446044921875] 
[2.6959833867749676, -14.835067277796425, 1.451416015625] 
[2.6927819334008634, -14.838910361913435, 1.4575042724609375] 
[2.6892438376149146, -14.845107154136917, 1.460693359375] 
[2.6868835166121743, -14.849285238860281, 1.4643707275390625] 
[2.68346796609718, -14.854958501377881, 1.455352783203125] 
[2.681503415608394, -14.857940154686293, 1.4523468017578125] 
[2.6781059844224737, -14.861990620733692, 1.4737548828125] 
[2.6758658246474223, -14.86420945773684, 1.483642578125] 
[2.6743809730447836, -14.875080310069636, 1.50738525390625] 
[2.6723153339307033, -14.87680607297417, 1.5150604248046875] 
[2.670690286217063, -14.87619407931575, 1.520355224609375] 
[2.669865365469606, -14.875658948415397, 1.5186004638671875] 
[2.668774847918592, -14.874633642330842, 1.5217132568359375] 
[2.6682245823833415, -14.87384907269836, 1.5185394287109375] 
[2.6678474050177106, -14.869525965529895, 1.498626708984375] 
[2.667860278432378, -14.866684984317528, 1.4900665283203125] 
[2.6684024338311416, -14.862811445384219, 1.484466552734375] 
[2.6736051435452564, -14.839635472556989, 1.4709320068359375] 
[2.6756822262452338, -14.837671873696742, 1.4553070068359375] 
[2.6774746399837226, -14.83643048498369, 1.45245361328125] 
[2.6801835282839837, -14.834796086528051, 1.4476776123046875] 
[2.6824656490030656, -14.833406775664514, 1.443878173828125] 
[2.686084333705005, -14.833081925608962, 1.45086669921875] 
[2.6883473830515334, -14.832764327980772, 1.4686279296875] 
[2.6909170354076832, -14.83167811226362, 1.4768524169921875] 
[2.691864500658165, -14.830468629010534, 1.4902801513671875] 
[2.6948184796432963, -14.827978599948043, 1.4864959716796875] 
[2.692541601997884, -14.826075910720393, 1.482452392578125] 
[2.687932532499884, -14.822786811125566, 1.5030517578125] 
[2.6841908224780866, -14.820459207486337, 1.5210723876953125] 
[2.6758786695774535, -14.81776179728443, 1.554595947265625] 
[2.6698948918071554, -14.815831553736844, 1.574920654296875] 
[2.662051465423348, -14.813258862505515, 1.6151885986328125] 
[2.656275110086614, -14.811140090649367, 1.6205596923828125] 
[2.639930702978464, -14.805472629124493, 1.63299560546875] 
[2.6371021277927564, -14.801816623463344, 1.6416015625] 
[2.634306930489856, -14.796823514291203, 1.6657562255859375] 
[2.6328978866819064, -14.792774498887468, 1.6822357177734375] 
[2.6322703686279327, -14.784303761020965, 1.7175750732421875] 
[2.6323871904556464, -14.779126473889317, 1.74566650390625] 
[2.6332044762420677, -14.770403398376269, 1.7977447509765625] 
[2.634208205346501, -14.763989072880623, 1.822052001953125] 
[2.6413535290849897, -14.735351569815236, 1.850372314453125] 
[2.644010915562843, -14.73081382987097, 1.8787841796875] 
[2.6491649984344927, -14.722576577611123, 1.9197998046875] 
[2.652384570586404, -14.717664680755124, 1.932861328125] 
[2.660325270272008, -14.717870612041846, 1.9681396484375] 
[2.6657683179508918, -14.718288275608009, 1.995513916015625] 
[2.6729079375487257, -14.718850961619273, 2.0233154296875] 
[2.6782985335635767, -14.719219317538284, 2.0384521484375] 
[2.6852912903939026, -14.721252526729234, 2.0792999267578125] 
[2.719213687007236, -14.760209798101593, 2.1114501953125] 
[2.726347585706172, -14.762846299461877, 2.1501617431640625] 
[2.730456932866098, -14.764303770803426, 2.1784515380859375] 
[2.7322584058231874, -14.762315518910578, 2.2175445556640625] 
[2.7323170546657853, -14.760173543083548, 2.247314453125] 
[2.7320075872494427, -14.755895392422211, 2.29266357421875] 
[2.73171957802404, -14.752213283084794, 2.3108062744140625] 
[2.72874699648136, -14.742725940622815, 2.3334197998046875] 
[2.7267838696021895, -14.73612888781133, 2.3492584228515625] 
[2.7072098589829148, -14.705223240095643, 2.3565521240234375] 
[2.704414658916475, -14.695940379067695, 2.3711700439453125] 
[2.696754806254994, -14.683449629970086, 2.4099578857421875] 
[2.69103042129031, -14.674620687526346, 2.436614990234375] 
[2.68324611667008, -14.662812993061527, 2.472198486328125] 
[2.6777181871654916, -14.654536584496304, 2.4901275634765625] 
[2.6736589027061113, -14.645091298836062, 2.534576416015625] 
[2.671639034224259, -14.638317318910488, 2.5601806640625] 
[2.653197985927955, -14.618640728104834, 2.59564208984375] 
[2.652772647272138, -14.613431536304192, 2.6160430908203125] 
[2.6562578155800414, -14.608146933180127, 2.6389617919921875] 
[2.6594249380444976, -14.605091318400985, 2.6608428955078125] 
[2.664140813607582, -14.60096689167383, 2.707275390625] 
[2.668304039791024, -14.597656037960812, 2.7355804443359375] 
[2.6748638294821214, -14.597310886012682, 2.7718505859375] 
[2.6797933276393833, -14.596928027611872, 2.797821044921875] 
[2.687157534096708, -14.596450905056779, 2.818115234375] 
[2.70736953873132, -14.614217555789368, 2.8479156494140625] 
[2.7197800682000945, -14.611633262572598, 2.8822479248046875] 
[2.727829006935496, -14.609582651194462, 2.90838623046875] 
[2.7417811353723502, -14.6054292195037, 2.9322357177734375] 
[2.752117915838095, -14.601591936379409, 2.96246337890625] 
[2.7641584182241807, -14.593578018384447, 3.0110321044921875] 
[2.7713643138651696, -14.587997570168435, 3.0527191162109375] 
[2.7833337673320484, -14.577801070188372, 3.1013031005859375] 
[2.812675671670403, -14.564651921072528, 3.1316070556640625] 
[2.822350601924991, -14.551769612876, 3.1778717041015625] 
[2.8287325276225492, -14.54319445951344, 3.2205963134765625] 
[2.8389896728581667, -14.530618147750635, 3.2691497802734375] 
[2.8464153854604017, -14.52256362280663, 3.288787841796875] 
[2.8597800520516765, -14.513747732991998, 3.311431884765625] 
[2.8702775240340492, -14.507910595989415, 3.3254547119140625] 
[2.887390575073037, -14.499892326854427, 3.3482666015625] 
[2.899810161399236, -14.49501813566014, 3.3527984619140625] 
[2.915269062931645, -14.464891256584213, 3.3542938232421875] 
[2.9272819093504814, -14.457241343368235, 3.3565673828125] 
[2.945005781669119, -14.447294281329329, 3.3311614990234375] 
[2.9603288004154034, -14.439550103959071, 3.3444061279296875] 
[2.9831786293857716, -14.435879595816125, 3.3530120849609375] 
[2.999853474270053, -14.433569395155056, 3.3549041748046875] 
[3.02443134694655, -14.430191831607695, 3.310272216796875] 
[3.0402784094726365, -14.427936738795532, 3.3131256103515625] 
[3.063895953237311, -14.44271883572335, 3.3008575439453125] 
[3.0769049087749147, -14.441558659326441, 3.309600830078125] 
[3.095246760685535, -14.439711078738666, 3.3345489501953125] 
[3.1066902726204386, -14.438446486054731, 3.3314666748046875] 
[3.1218707216261383, -14.435334313573994, 3.3261566162109375] 
[3.1320639769538343, -14.432860236845999, 3.3230438232421875] 
[3.1449866224386116, -14.429497175780442, 3.3262939453125] 
[3.1547016133789425, -14.426741757233273, 3.330169677734375] 
[3.1587446731227753, -14.41770108251009, 3.335906982421875] 
[3.1639202137566453, -14.413594058761095, 3.3438262939453125] 
[3.1707298604633123, -14.407239192254377, 3.3537750244140625] 
[3.1747037821977755, -14.402813119442552, 3.3530120849609375] 
[3.174445809769887, -14.394815153782085, 3.3612213134765625] 
[3.173683825099606, -14.388735829683764, 3.3670501708984375] 
[3.1723143550109256, -14.379260089207229, 3.3628387451171875] 
[3.171398829726949, -14.372766002039103, 3.366363525390625] 
[3.1705419550385616, -14.36327140873171, 3.3824310302734375] 
[3.1383356907733435, -14.34108883652907, 3.3970794677734375] 
[3.1377682537795204, -14.33188863846093, 3.3863372802734375] 
[3.137185558137867, -14.32462303349846, 3.3855133056640625] 
[3.1384124434865086, -14.317010826735169, 3.3885955810546875] 
[3.1392597725740043, -14.312544147765271, 3.38909912109375] 
[3.1400703821161873, -14.304673800780769, 3.3955078125] 
[3.139934480777407, -14.300127360138394, 3.393035888671875] 
[3.1386379716993393, -14.298429151553798, 3.3997039794921875] 
[3.1370124479110157, -14.29788096881531, 3.4078521728515625] 
[3.135026448059212, -14.310283253960385, 3.4002532958984375] 
[3.1321835707943873, -14.310579099052331, 3.3980712890625] 
[3.1290035738656066, -14.312696421055785, 3.3973846435546875] 
[3.126236514584856, -14.314106034602874, 3.3963623046875] 
[3.1218963823750667, -14.316298767929752, 3.4002227783203125] 
[3.1179486855542877, -14.318282669473545, 3.404449462890625] 
[3.1120173622049125, -14.320643628425431, 3.3995361328125] 
[3.1074211710378945, -14.322488309307818, 3.4053497314453125] 
[3.106433664174124, -14.340846650224304, 3.3866729736328125] 
[3.100988711377807, -14.343385986142975, 3.3809814453125] 
[3.0940178944984504, -14.347598876031691, 3.38623046875] 
[3.0890049524166, -14.350827066784897, 3.3919830322265625] 
[3.0821709863841833, -14.35552578150876, 3.397705078125] 
[3.07672889754955, -14.359563194927052, 3.3977813720703125] 
[3.070540086073145, -14.363606409338065, 3.398529052734375] 
[3.066165622127848, -14.366460443179538, 3.3914947509765625] 
[3.060621493186046, -14.375711399538499, 3.3647308349609375] 
[3.056635173129421, -14.378690152350549, 3.357452392578125] 
[3.053335014867587, -14.383720967184404, 3.3522186279296875] 
[3.0512412449555506, -14.387494440970714, 3.34844970703125] 
[3.048628681234408, -14.392747139425785, 3.35699462890625] 
[3.046694650611993, -14.397073147090612, 3.3677520751953125] 
[3.0459126487176933, -14.402192425086024, 3.36480712890625] 
[3.045322809027251, -14.405783170765524, 3.3678436279296875] 
[3.0447172350455842, -14.411038769716955, 3.3847808837890625] 
[3.0577266709032735, -14.416803395892472, 3.3968048095703125] 
[3.0583279584331473, -14.42007944444014, 3.394378662109375] 
[3.059031766218415, -14.422318584917809, 3.39141845703125] 
[3.0605285476400312, -14.425345194733346, 3.4016265869140625] 
[3.062165993003879, -14.427971543960883, 3.390838623046875] 
[3.0652406142649533, -14.43102860859272, 3.387939453125] 
[3.067681523966579, -14.433744871625482, 3.38507080078125] 
[3.0712549122135275, -14.438278260429723, 3.3933258056640625] 
[3.074403443949319, -14.442744939399619, 3.39422607421875] 
[3.0854898164582925, -14.454742613607639, 3.3874969482421875] 
[3.087495380776127, -14.461751528992568, 3.392791748046875] 
[3.091552761658587, -14.475850572078569, 3.392181396484375] 
[3.094176304337267, -14.485089926452089, 3.3838043212890625] 
[3.0992822404820535, -14.49880321143189, 3.3749542236328125] 
[3.1032809692979226, -14.509099776558953, 3.3772125244140625] 
[3.109563730454033, -14.524881075104082, 3.3849639892578125] 
[3.1139596614233405, -14.53554599694113, 3.38470458984375] 
[3.1231167799142026, -14.561823990907325, 3.3964691162109375] 
[3.1273410507992656, -14.573203871255178, 3.401123046875] 
[3.133998128256826, -14.590217857815249, 3.412567138671875] 
[3.138700662419815, -14.601496221581462, 3.4113311767578125] 
[3.1451007238727193, -14.615534355825844, 3.4135589599609375] 
[3.149830913458167, -14.625429209721238, 3.4078216552734375] 
[3.1564965709948254, -14.638839398763677, 3.39910888671875] 
[3.1619706201639337, -14.649568129147736, 3.40374755859375] 
[3.169695324996517, -14.663614964881196, 3.4179534912109375] 
[3.174888042005632, -14.672842717269273, 3.417236328125] 
[3.1818994023632894, -14.684960759307844, 3.4145355224609375] 
[3.1874692941567795, -14.694334984784685, 3.41448974609375] 
[3.1916125032611333, -14.703726612448717, 3.417755126953125] 
[3.1940147914971777, -14.709314311510143, 3.419830322265625] 
[3.198098396347203, -14.71902933858606, 3.4300384521484375] 
[3.200119217717258, -14.723925283107564, 3.4338226318359375] 
[3.201955981037048, -14.728583390882381, 3.4407806396484375] 
[3.188065351307891, -14.71471058176665, 3.448150634765625] 
[3.189119631376538, -14.717626975093413, 3.4488525390625] 
[3.18976001806615, -14.719397694505071, 3.451995849609375] 
[3.1903775224599147, -14.725759811857204, 3.4506378173828125] 
[3.191035078474519, -14.73068330990767, 3.4484100341796875] 
[3.191818520655319, -14.73741523303151, 3.441009521484375] 
[3.192316814029573, -14.742328580531174, 3.445831298828125] 
[3.1935861469108553, -14.746696644206766, 3.4473724365234375] 
[3.1943500359170827, -14.749318643085246, 3.4472808837890625] 
[3.1894577343872004, -14.755448724683415, 3.4357757568359375] 
[3.189832049811116, -14.758038818101934, 3.43634033203125] 
[3.1893337622267457, -14.761955863689677, 3.4276123046875] 
[3.1888407187044168, -14.764413987292201, 3.4299468994140625] 
[3.1881192724154834, -14.767436246758688, 3.4468841552734375] 
[3.1874474167771516, -14.769528914938563, 3.4505615234375] 
[3.1874159459640103, -14.769752249203446, 3.4434814453125] 
[3.1874025951610467, -14.769497010269571, 3.441650390625] 
[3.1851199892651367, -14.759969061649521, 3.445587158203125] 
[3.185164334040308, -14.75925265328602, 3.44647216796875] 
[3.1862319639359917, -14.761117636851958, 3.448394775390625] 
[3.1870955094341986, -14.762757835509346, 3.449371337890625] 
[3.1883286016417314, -14.76489836148368, 3.4463348388671875] 
[3.1893404414890685, -14.76662122310088, 3.449554443359375] 
[3.189128252159145, -14.768238218578357, 3.456085205078125] 
[3.188788271521068, -14.769157658523191, 3.457183837890625] 
[3.1879914841210257, -14.77073404863357, 3.4687042236328125] 
[3.189097266372601, -14.778900239919043, 3.4665374755859375] 
[3.1896575436627326, -14.777689305231318, 3.458038330078125] 
[3.190042824693571, -14.776639346114159, 3.4568023681640625] 
[3.190362777753989, -14.775254385599672, 3.461151123046875] 
[3.1904767408811328, -14.7742377810042, 3.466552734375] 
[3.1893480777047936, -14.775959192768703, 3.4634857177734375] 
[3.1882842650700427, -14.777648699073245, 3.45379638671875] 
[3.1864250952409954, -14.780424421094937, 3.4494781494140625] 
[3.1879590697042355, -14.782824536352202, 3.444305419921875] 
[3.1862219689170437, -14.785205797987636, 3.4423980712890625] 
[3.1850718486625933, -14.786738681443582, 3.440338134765625] 
[3.183158796727327, -14.789666675964813, 3.4437713623046875] 
[3.1817049356046962, -14.791995730247708, 3.439178466796875] 
[3.178779090010137, -14.793862163666342, 3.4381561279296875] 
[3.1764883841383327, -14.795094851681284, 3.4461212158203125] 
[3.1730213339523523, -14.796721998500535, 3.448333740234375] 
[3.1705294055830477, -14.79756167677289, 3.44549560546875] 
[3.1657367602054283, -14.800032852213553, 3.4395904541015625] 
[3.161969780507579, -14.801658549180111, 3.4358673095703125] 
[3.155833895631777, -14.803530783591464, 3.4344024658203125] 
[3.1513216267438002, -14.804427020356387, 3.4339752197265625] 
[3.1464197832630356, -14.802766517433506, 3.4209442138671875] 
[3.1432836515809544, -14.801448267544336, 3.4158782958984375] 
[3.1375840653910334, -14.798853822985789, 3.396759033203125] 
[3.133139027882773, -14.796619032857173, 3.3780059814453125] 
[3.118093516243226, -14.7941101517548, 3.3531494140625] 
[3.1128268960848255, -14.793460453225645, 3.3332672119140625] 
[3.1030856750121263, -14.791524408685335, 3.290740966796875] 
[3.09711620128267, -14.789813148262606, 3.268402099609375] 
[3.0924213021280056, -14.785455235928792, 3.226715087890625] 
[3.089216504380148, -14.781649857473493, 3.205291748046875] 
[3.0844867940547354, -14.775888131794334, 3.1500396728515625] 
[3.0801213854123515, -14.770815260949712, 3.1220855712890625] 
[3.0760658991419674, -14.740228660714912, 3.0573883056640625] 
[3.0687927600987552, -14.7310429643376, 3.031097412109375] 
[3.0571127269690734, -14.717262970314428, 2.9832000732421875] 
[3.048867803166547, -14.708236798073047, 2.960723876953125] 
[3.0345032028179744, -14.696112955041759, 2.92694091796875] 
[3.023995229478674, -14.688090335557716, 2.90966796875] 
[3.008105240455416, -14.676429112599717, 2.88421630859375] 
[2.997547678006452, -14.668963378134217, 2.8683013916015625] 
[2.9843398795239247, -14.664406785359095, 2.839385986328125] 
[2.9602025979496593, -14.66602088034021, 2.825164794921875] 
[2.9465136759891, -14.662801391076087, 2.7942047119140625] 
[2.937772373802739, -14.66089145100302, 2.775390625] 
[2.9269377748427137, -14.658568197712846, 2.75445556640625] 
[2.9195134851085065, -14.656848235801036, 2.7451019287109375] 
[2.909739361756435, -14.654549637125411, 2.72918701171875] 
[2.9023069665189056, -14.652726709570238, 2.7153472900390625] 
[2.8999709633446655, -14.653515629551773, 2.696197509765625] 
[2.8987950936387454, -14.654002903448642, 2.68035888671875] 
[2.9170678178443694, -14.668056990027518, 2.654815673828125] 
[2.916360197486629, -14.668684935229459, 2.636077880859375] 
[2.9128697803525356, -14.669523162858146, 2.601715087890625] 
[2.910403124240366, -14.670136606369258, 2.572998046875] 
[2.907041930289827, -14.67109230133214, 2.530731201171875] 
[2.9050530612214764, -14.671733299163186, 2.511810302734375] 
[2.9012946661229475, -14.6737084992179, 2.4768829345703125] 
[2.8987350273336907, -14.6751456678759, 2.4574737548828125] 
[2.895140669943212, -14.689991574141699, 2.432830810546875] 
[2.8934040463024697, -14.691275019656489, 2.409515380859375] 
[2.8958978817894945, -14.689553607891984, 2.38519287109375] 
[2.8983373570889754, -14.68790905809457, 2.3679046630859375] 
[2.9022044707060517, -14.685607558131611, 2.3344573974609375] 
[2.9058632077374256, -14.683674414087664, 2.3040771484375] 
[2.912315231527672, -14.679755918647228, 2.277618408203125] 
[2.9165599967319626, -14.677210781735837, 2.2636566162109375] 
[2.9443626815655164, -14.65992705455106, 2.245208740234375] 
[2.9490785568776428, -14.65700631008427, 2.2234954833984375] 
[2.949511520017096, -14.654970200396962, 2.188385009765625] 
[2.9489626838007887, -14.653666452198623, 2.1681976318359375] 
[2.94767523408537, -14.65146066703361, 2.116058349609375] 
[2.9466548102139156, -14.650017698173864, 2.08673095703125] 
[2.9461770231387403, -14.648690746004641, 2.0558929443359375] 
[2.9459533872991432, -14.647733600398094, 2.029998779296875] 
[2.9452452893959364, -14.646529917346756, 2.00030517578125] 
[2.9328357163023004, -14.650792115673596, 1.970733642578125] 
[2.9276201136773445, -14.644757748082403, 1.93060302734375] 
[2.923990458762222, -14.6408682568146, 1.9049224853515625] 
[2.917806884988913, -14.634912201834162, 1.863800048828125] 
[2.9138658588819313, -14.631440374132522, 1.8491973876953125] 
[2.9098318507409515, -14.628436967496892, 1.824737548828125] 
[2.9079493134379506, -14.627292743434483, 1.8060150146484375] 
[2.905438310779086, -14.626077458397702, 1.789520263671875] 
[2.903834721013258, -14.62558293365542, 1.7775726318359375] 
[2.89490173564254, -14.629162077349473, 1.7548370361328125] 
[2.887841749625654, -14.632375766411851, 1.7423095703125] 
[2.877966544325973, -14.637294914113264, 1.7086029052734375] 
[2.869767404426037, -14.641848606392028, 1.692718505859375] 
[2.8695309018791963, -14.652098764368299, 1.6682891845703125] 
[2.870332939362145, -14.658911899808281, 1.6539459228515625] 
[2.871788719322845, -14.671462107894815, 1.6230010986328125] 
[2.87310859883049, -14.680351959180179, 1.5980682373046875] 
[2.882939962395223, -14.714026078072141, 1.571807861328125] 
[2.88287798088474, -14.723043548824442, 1.550537109375] 
[2.8836704859534676, -14.736379775605178, 1.50372314453125] 
[2.884629880412821, -14.744888219133395, 1.48046875] 
[2.8924857093527083, -14.755300802532927, 1.44677734375] 
[2.8980160217773934, -14.761187247182662, 1.423675537109375] 
[2.909184409520108, -14.770661537015533, 1.4049224853515625] 
[2.916783221768962, -14.775592286702386, 1.38824462890625] 
[2.940427935424252, -14.773498168669816, 1.3446502685546875] 
[2.946289643337557, -14.774597435434128, 1.3264007568359375] 
[2.9547438917798488, -14.775701053338468, 1.270782470703125] 
[2.9618844659143857, -14.776405860507499, 1.252593994140625] 
[2.9748900810160537, -14.773206673926923, 1.227935791015625] 
[2.9846241467943004, -14.770647035324702, 1.2069244384765625] 
[2.997799037844903, -14.766455897972229, 1.1738128662109375] 
[3.0085907169651667, -14.762393830730362, 1.1486053466796875] 
[3.0167154716068683, -14.759590554388733, 1.1089019775390625] 
[3.025174957763479, -14.750301892368062, 1.0837860107421875] 
[3.032077112177249, -14.746374695438547, 1.0453643798828125] 
[3.035488373315952, -14.743543864776983, 1.02215576171875] 
[3.0399539069139134, -14.733189291304656, 0.98651123046875] 
[3.0426074758732655, -14.725172472022363, 0.96246337890625] 
[3.0451165620916982, -14.7141594985318, 0.9188079833984375] 
[3.046418785957731, -14.705289949929988, 0.90374755859375] 
[3.0427872209701667, -14.6971556633135, 0.8802337646484375] 
[3.039228612758167, -14.691279370005544, 0.8689727783203125] 
[3.022285282463089, -14.65369690701492, 0.8485565185546875] 
[3.0192101828747475, -14.647952583522953, 0.82354736328125] 
[3.016982415459119, -14.643004431648906, 0.7833099365234375] 
[3.016218050003036, -14.639958969002512, 0.764892578125] 
[3.015973431240637, -14.635843242973463, 0.72088623046875] 
[3.016414977775671, -14.633749124940895, 0.7016754150390625] 
[3.0155385555914465, -14.629906040823883, 0.672119140625] 
[3.015570501059, -14.627397158930536, 0.656158447265625] 
[3.000295637610776, -14.628245537901002, 0.612335205078125] 
[3.002045611909787, -14.625881679243726, 0.591888427734375] 
[3.0102528602669474, -14.625799016283917, 0.559478759765625] 
[3.0173314441623713, -14.625680098306061, 0.535491943359375] 
[3.027869928943525, -14.625406006541327, 0.5187225341796875] 
[3.0362216577153953, -14.625110161449381, 0.4988861083984375] 
[3.0472350660949092, -14.624121111173842, 0.4661865234375] 
[3.0547828529494714, -14.623190070034541, 0.4564361572265625] 
[3.0688751816758115, -14.63519644494067, 0.427490234375] 
[3.0769822947778156, -14.633891246098662, 0.40765380859375] 
[3.096440414605558, -14.634194342826996, 0.3736724853515625] 
[3.108719816651559, -14.634114580363544, 0.3536376953125] 
[3.130734238210984, -14.633622955326652, 0.3206024169921875] 
[3.1420718945925517, -14.633203841907793, 0.2970428466796875] 
[3.15918018210736, -14.632371415271823, 0.2619781494140625] 
[3.169534608820991, -14.631824682386029, 0.2455291748046875] 
[3.182872101286772, -14.631404118323502, 0.2000732421875] 
[3.2182101995277486, -14.64511305216328, 0.1630859375] 
[3.2290776957067893, -14.641590466961793, 0.12371826171875] 
[3.235058131719334, -14.639001823395969, 0.102142333984375] 
[3.245121210356504, -14.63349098551066, 0.0729522705078125] 
[3.2524558499683023, -14.628342703342613, 0.056549072265625] 
[3.2583504535479615, -14.62308710439118, 0.015625] 
[3.2623248524940562, -14.618595771597706, -0.0158538818359375] 
[3.267837035444832, -14.611141638326677, -0.053497314453125] 
[3.2708768419112406, -14.60671846601121, -0.0725860595703125] 
[3.2565737402642534, -14.578514578055511, -0.121063232421875] 
[3.25836805604203, -14.570255573259423, -0.1513824462890625] 
[3.26093770005905, -14.559889397010682, -0.1876068115234375] 
[3.2631878693301535, -14.552378705247085, -0.2149810791015625] 
[3.264199704210845, -14.546564771424414, -0.25738525390625] 
[3.265010794627796, -14.543758595377398, -0.2705841064453125] 
[3.266437475086097, -14.539761787326208, -0.291748046875] 
[3.2671713202351054, -14.53790260475299, -0.3191375732421875] 
[3.2509613845882317, -14.537219550911177, -0.37109375] 
[3.251437740216845, -14.536173942143071, -0.39678955078125] 
[3.251124937194352, -14.534934003282713, -0.416534423828125] 
[3.249845593077288, -14.534220495415575, -0.42938232421875] 
[3.245062005842116, -14.534150884293897, -0.448822021484375] 
[3.239387695048508, -14.535092077565949, -0.4600372314453125] 
[3.2290256405956095, -14.537189096094878, -0.48358154296875] 
[3.220345375351502, -14.538665421058255, -0.4920501708984375] 
[3.240590772687796, -14.572120556825361, -0.5008544921875] 
[3.2402102656362026, -14.57863349682434, -0.5073394775390625] 
[3.2411687050325497, -14.586399426730843, -0.473876953125] 
[3.2429024723970077, -14.59053255494708, -0.492828369140625] 
[3.2346909390458416, -14.597045495737033, -0.523773193359375] 
[3.226050729845601, -14.603056659357344, -0.54974365234375] 
[3.215157488333436, -14.610834191249287, -0.55419921875] 
[3.206083363482474, -14.617690833343701, -0.563690185546875] 
[3.2017570561746975, -14.615312472204625, -0.5827484130859375] 
[3.177643609256389, -14.606925847150626, -0.6127471923828125] 
[3.174402096519989, -14.602253236894008, -0.6064605712890625] 
[3.17227828005783, -14.59899894246453, -0.603729248046875] 
[3.180012504572722, -14.592561413788973, -0.6145172119140625] 
[3.185582386560745, -14.587932310186785, -0.621002197265625] 
[3.1932350741918984, -14.581516534838446, -0.615142822265625] 
[3.199479196883296, -14.57627978871787, -0.6182708740234375] 
[3.2039604707417713, -14.575287837945972, -0.623504638671875] 
[3.2068329130285256, -14.574794763056383, -0.625152587890625] 
[3.2490125954901155, -14.572048045207325, -0.6078643798828125] 
[3.251908878222567, -14.572062547689127, -0.6242828369140625] 
[3.252046204268603, -14.568809703112342, -0.6366424560546875] 
[3.2520295132699992, -14.566105042065022, -0.6492919921875] 
[3.252000422149893, -14.561851545227261, -0.6505889892578125] 
[3.252024738907539, -14.55898736004401, -0.6639404296875] 
[3.2537413359373475, -14.557579196349616, -0.6660003662109375] 
[3.2553239440352435, -14.5567366175809, -0.670166015625] 
[3.256287143673596, -14.553251738041125, -0.652374267578125] 
[3.2577128740663275, -14.55246861905231, -0.65594482421875] 
[3.258585954413082, -14.552602039511967, -0.65777587890625] 
[3.258993170368373, -14.552694853813554, -0.661590576171875] 
[3.2596883922806104, -14.552786217471473, -0.6696624755859375] 
[3.26015044379937, -14.552780416478754, -0.6726837158203125] 
[3.259972108608772, -14.553250288188432, -0.6841278076171875] 
[3.259894384792432, -14.553517128316775, -0.695281982421875] 
[3.2598414571652436, -14.553884034383094, -0.697174072265625] 
[3.2529769781921383, -14.564754886715889, -0.703338623046875] 
[3.2525282792484322, -14.565044930815114, -0.7245330810546875] 
[3.252307982494233, -14.565182701623828, -0.7403106689453125] 
[3.252037619097257, -14.565464044233973, -0.7491912841796875] 
[3.251794433158928, -14.56569607998794, -0.75274658203125] 
[3.251597024854315, -14.565920864105516, -0.74847412109375] 
[3.2515345600919114, -14.565981772947138, -0.7551116943359375] 
[3.251370529478857, -14.566019479399822, -0.757415771484375] 
[3.2473837333650195, -14.570480357377, -0.7567138671875] 
[3.247422355474385, -14.570460053902476, -0.76287841796875] 
[3.2474490592757155, -14.570407845758965, -0.765106201171875] 
[3.247498173404979, -14.570316482101045, -0.7604827880859375] 
[3.2475253517510136, -14.570284577432053, -0.7610015869140625] 
[3.2491394335939647, -14.573031295281112, -0.77740478515625] 
[3.2502385353582977, -14.574939784710512, -0.7761383056640625] 
[3.2521792482605125, -14.578140421934751, -0.7689666748046875] 
[3.2537156049472618, -14.58054198625374, -0.7761688232421875] 
[3.255608156689191, -14.584366218330866, -0.776947021484375] 
[3.2569323247803896, -14.587018671234674, -0.78314208984375] 
[3.258783869379689, -14.590657273917659, -0.8525390625] 
[3.2603121219338487, -14.59361862454252, -0.899444580078125] 
[3.260890520772141, -14.59399278145425, -0.91070556640625] 
[3.261191400899311, -14.593776698825753, -0.9189605712890625] 
[3.2616339021081275, -14.593460550259284, -0.90118408203125] 
[3.2620263357364307, -14.59320531132541, -0.904876708984375] 
[3.2582293179475226, -14.59754147112298, -0.89471435546875] 
[3.258376660892583, -14.599123661435108, -0.8896331787109375] 
[3.2585464152330577, -14.600917584026677, -0.900421142578125] 
[3.2588163037171824, -14.603536682408798, -0.9028472900390625] 
[3.2590866693396623, -14.605005755735789, -0.9149322509765625] 
[3.259869152860401, -14.605975953180467, -0.9055328369140625] 
[3.2604218032310914, -14.606605348235101, -0.893707275390625] 
[3.261215254143878, -14.607463879338313, -0.8956298828125] 
[3.2623191231776927, -14.60952319220553, -0.890106201171875] 
[3.266487601975421, -14.616449445421624, -0.8689422607421875] 
[3.267730707164753, -14.618341982516524, -0.8590240478515625] 
[3.2695193091183463, -14.621065496394701, -0.853179931640625] 
[3.2698573834997147, -14.620958180402287, -0.843048095703125] 
[3.27042433814483, -14.620759499960979, -0.86083984375] 
[3.27081534041582, -14.620624629648628, -0.8682098388671875] 
[3.271353207998031, -14.62031138236949, -0.85491943359375] 
[3.2714156741661826, -14.62206614865568, -0.8406219482421875] 
[3.271514381726254, -14.624662043066918, -0.833343505859375] 
[3.266966829750313, -14.62848482450038, -0.800384521484375] 
[3.267155179598243, -14.631058965584403, -0.809234619140625] 
[3.268463132374086, -14.631354810676351, -0.8186798095703125] 
[3.2704853818273434, -14.631844985069579, -0.82806396484375] 
[3.27186295231905, -14.63215678249602, -0.8269805908203125] 
[3.2738408544993147, -14.63237286591549, -0.8155059814453125] 
[3.274281925037179, -14.63193344902211, -0.8243255615234375] 
[3.2749904978714532, -14.631282299849286, -0.8299560546875] 
[3.2743768084532943, -14.62444305994206, -0.8379669189453125] 
[3.2749008471616445, -14.623820915732843, -0.8264312744140625] 
[3.2761549198345596, -14.625713453618717, -0.8183441162109375] 
[3.278072743217972, -14.6285210803094, -0.8158111572265625] 
[3.279361148033587, -14.630416517900661, -0.813201904296875] 
[3.281173592725024, -14.633192239922352, -0.8056488037109375] 
[3.2814806746213585, -14.635941858267772, -0.798370361328125] 
[3.281944636212636, -14.640067735638594, -0.797027587890625] 
[3.282264116158344, -14.642807201851266, -0.8077850341796875] 
[3.280459316786504, -14.65972112326434, -0.789794921875] 
[3.281489276930365, -14.660206946517539, -0.78564453125] 
[3.2830127588796536, -14.66090305219749, -0.7749176025390625] 
[3.2840360415184904, -14.661368573558113, -0.7730255126953125] 
[3.285477031319129, -14.661919656792962, -0.7619476318359375] 
[3.285588132887543, -14.661544050028539, -0.7567596435546875] 
[3.285750732511707, -14.660974113171859, -0.754669189453125] 
[3.285862788374957, -14.660589804918352, -0.7578277587890625] 
[3.2847446081708114, -14.651633243798647, -0.743408203125] 
[3.284535279259921, -14.653370607897648, -0.738983154296875] 
[3.284223910648476, -14.655962151168861, -0.737701416015625] 
[3.2840250720449093, -14.657674861444283, -0.738800048828125] 
[3.2836760319902925, -14.660108332014204, -0.7366485595703125] 
[3.283434277506359, -14.660347617822612, -0.7291107177734375] 
[3.2830556725530484, -14.660660865892721, -0.7315673828125] 
[3.2827886465173717, -14.66085374534131, -0.7252044677734375] 
[3.28238572339274, -14.66105967662803, -0.7283477783203125] 
[3.2759365647626897, -14.66966383416322, -0.7333984375] 
[3.27565285191517, -14.67257587714093, -0.756988525390625] 
[3.275458781497554, -14.674517721882985, -0.76104736328125] 
[3.2751741151036433, -14.677277491570182, -0.7655792236328125] 
[3.2763528456808886, -14.677596539842039, -0.7720184326171875] 
[3.278132863314154, -14.678059160706301, -0.7645416259765625] 
[3.2793120719075683, -14.678366606992716, -0.7606353759765625] 
[3.2810115042878447, -14.678736413555395, -0.77789306640625] 
[3.2800573646057387, -14.682499735208955, -0.8036956787109375] 
[3.278657385423596, -14.685487189510088, -0.8039093017578125] 
[3.277733284766037, -14.687478342690271, -0.8004150390625] 
[3.27637812792656, -14.690312073057223, -0.80780029296875] 
[3.277209248921606, -14.692931171439342, -0.80255126953125] 
[3.2784609382936765, -14.696832263901618, -0.79656982421875] 
[3.2793073193540345, -14.699419457614747, -0.7989349365234375] 
[3.2805346895889684, -14.703089965757696, -0.7914581298828125] 
[3.2808002881458105, -14.705761271492358, -0.7815093994140625] 
[3.2847589652092912, -14.718711740166896, -0.760955810546875] 
[3.2850069205554018, -14.721390297537948, -0.7621002197265625] 
[3.2853430910916552, -14.725146368346092, -0.7570037841796875] 
[3.2853144823741314, -14.727694405753844, -0.76019287109375] 
[3.285265371127081, -14.73149543386009, -0.76275634765625] 
[3.285225795791915, -14.73402606828968, -0.7653656005859375] 
[3.285142831095201, -14.737557354980249, -0.76348876953125] 
[3.2849826160216686, -14.739956019593846, -0.7629547119140625] 
[3.282912690263769, -14.746706795548539, -0.7391357421875] 
[3.2827229119648145, -14.749141715971156, -0.73638916015625] 
[3.282434907736703, -14.752512028673102, -0.7326507568359375] 
[3.2835101680880765, -14.75485413400316, -0.74481201171875] 
[3.285109467675235, -14.758356416521098, -0.7522125244140625] 
[3.2861732842611175, -14.760681120454938, -0.756317138671875] 
[3.287714410541696, -14.763881756888209, -0.765869140625] 
[3.2879747609441217, -14.763820847255614, -0.7619476318359375] 
[3.288361949556194, -14.763736734443107, -0.7630615234375] 
[3.292639133933969, -14.754652553856465, -0.769134521484375] 
[3.293063514789674, -14.754340756430022, -0.762847900390625] 
[3.293034428969266, -14.755822881595146, -0.7621917724609375] 
[3.29299008625339, -14.75803736824924, -0.742889404296875] 
[3.2929576621192385, -14.759512242568949, -0.73529052734375] 
[3.2928785099826943, -14.761558503598032, -0.7298736572265625] 
[3.2927340311948305, -14.763851302071911, -0.7325286865234375] 
[3.292515166705056, -14.767286873964531, -0.726287841796875] 
[3.2893723658571887, -14.773321241555726, -0.695587158203125] 
[3.289091038107787, -14.776510276003556, -0.6888275146484375] 
[3.290198720350704, -14.776727809275716, -0.692474365234375] 
[3.2918561922801017, -14.777025104220359, -0.6943817138671875] 
[3.2929610142173837, -14.77721363331989, -0.6956939697265625] 
[3.294598936041979, -14.777473222602822, -0.6926116943359375] 
[3.2948378298336274, -14.778943746573477, -0.690185546875] 
[3.2952359870827084, -14.781465679513987, -0.6873626708984375] 
[3.2955034917382084, -14.783147934973112, -0.690704345703125] 
[3.2997587483609663, -14.782163235837602, -0.68994140625] 
[3.299748735270629, -14.782273452326377, -0.6927032470703125] 
[3.299723940153468, -14.782430075965946, -0.6992340087890625] 
[3.2997062970079134, -14.782525790763891, -0.703887939453125] 
[3.299643355067259, -14.782554794936521, -0.714599609375] 
[3.3007691589121353, -14.784345817822704, -0.7137908935546875] 
[3.302461440237438, -14.787011322564645, -0.7100372314453125] 
[3.3035791386275535, -14.788789292821718, -0.7056732177734375] 
[3.307202592858489, -14.790512154438918, -0.701385498046875] 
[3.3088028451080618, -14.79076159238007, -0.6975860595703125] 
[3.3112270635387215, -14.791125597950026, -0.7128448486328125] 
[3.31285211014866, -14.791367785045766, -0.7135009765625] 
[3.315170472688923, -14.791649127655914, -0.7041473388671875] 
[3.3155033035628647, -14.79363737954876, -0.7006072998046875] 
[3.3160044567327644, -14.796623383997202, -0.7094879150390625] 
[3.316353023091548, -14.79860293440097, -0.708404541015625] 
[3.3167869433028256, -14.801417812728038, -0.7105255126953125] 
[3.3200108104084953, -14.799288888739143, -0.7181854248046875] 
[3.3216291814986345, -14.799809517948669, -0.7134552001953125] 
[3.3227158831928514, -14.800151770191409, -0.7220916748046875] 
[3.3242360266540674, -14.800546229786692, -0.7320404052734375] 
[3.3256383937506913, -14.802518530136018, -0.7333984375] 
[3.327733124101031, -14.805479879969905, -0.7338409423828125] 
[3.3291264314511237, -14.807450729675564, -0.730621337890625] 
[3.3310909842638314, -14.810245304528113, -0.7300262451171875] 
[3.329611373118021, -14.810758682892223, -0.72607421875] 
