header: 
  seq: 0
  stamp: 
    secs: 0
    nsecs:         0
  frame_id: ''
point: 
  x: 0.0
  y: 0.0
  z: 0.0 
header: 
  seq: 0
  stamp: 
    secs: 0
    nsecs:         0
  frame_id: ''
point: 
  x: 0.0
  y: 0.0
  z: 0.0 
[-0.13142414622912302, 0.19099879269039324, 1.2768096923828125] 
[-0.11549632392894514, 0.1987838475223093, 1.2707672119140625] 
[-0.10704616448467359, 0.2023329904183139, 1.2617034912109375] 
[-0.08775263092182055, 0.18535893057088895, 1.2492218017578125] 
[-0.08055629896087005, 0.18759802517215024, 1.2487335205078125] 
[-0.07061270294984813, 0.19052665484434425, 1.254547119140625] 
[-0.0652745809134586, 0.1916998379939509, 1.2677001953125] 
[-0.056611038982739496, 0.19335476614226346, 1.2863311767578125] 
[-0.05140332977978348, 0.19414028731472896, 1.302276611328125] 
[-0.04458893979548838, 0.19482791851472103, 1.30743408203125] 
[-0.04201715118215742, 0.19416811293825245, 1.3148193359375] 
[-0.040451953535285655, 0.19142846559286494, 1.2989654541015625] 
[-0.05022198289362717, 0.17181577508703713, 1.2964630126953125] 
[-0.05083041938739645, 0.16817069117493536, 1.29217529296875] 
[-0.052527936757371024, 0.1667577231132393, 1.2971649169921875] 
[-0.05729910720917836, 0.16715540117584846, 1.2925262451171875] 
[-0.060763761075760966, 0.167373296713442, 1.2930450439453125] 
[-0.06625876109841777, 0.16765133068538884, 1.2877655029296875] 
[-0.06984071581887473, 0.16706448995423057, 1.27825927734375] 
[-0.07562157525653575, 0.1639796898697423, 1.2708282470703125] 
[-0.09940018103294758, 0.16273091426399655, 1.2544403076171875] 
[-0.10545092672596555, 0.15971409273382986, 1.23712158203125] 
[-0.10917998403539708, 0.15791686229503538, 1.2253570556640625] 
[-0.11526935345349279, 0.15501510670638086, 1.2212982177734375] 
[-0.1193591326991077, 0.15273844169971457, 1.21942138671875] 
[-0.1252496639239811, 0.14871353672141246, 1.2219390869140625] 
[-0.1279442354607156, 0.14612539146829778, 1.21771240234375] 
[-0.1306297482300467, 0.14138829163729827, 1.219207763671875] 
[-0.132422155415609, 0.13754905955663121, 1.2195892333984375] 
[-0.1319968229050852, 0.12940008932562974, 1.243743896484375] 
[-0.1326095503649785, 0.12430936227557175, 1.2451019287109375] 
[-0.13202137996501986, 0.11346420626817977, 1.2382659912109375] 
[-0.13154860258756576, 0.1057095603761529, 1.2294769287109375] 
[-0.1306409557162027, 0.0935292948995749, 1.2240447998046875] 
[-0.13069531507565435, 0.08645208298935693, 1.2400665283203125] 
[-0.13321155123180042, 0.07512114802322693, 1.24896240234375] 
[-0.13496056772876625, 0.06767277065948148, 1.2512969970703125] 
[-0.1305141200435556, 0.05605958662865738, 1.259857177734375] 
[-0.1321396362123529, 0.05010973920083425, 1.2494049072265625] 
[-0.13436166812078662, 0.04027797011256107, 1.2297210693359375] 
[-0.13604631231542494, 0.03414294809981274, 1.2160797119140625] 
[-0.1387301561489998, 0.025409358188588315, 1.202728271484375] 
[-0.1410609053433891, 0.020123803524540063, 1.19189453125] 
[-0.14693188697378862, 0.010479203063004037, 1.168701171875] 
[-0.15110916479694395, 0.003906486104127967, 1.1640625] 
[-0.15769730125550632, -0.0063656514175099215, 1.1524658203125] 
[-0.16616605796827502, -0.01594843658287539, 1.133819580078125] 
[-0.170547657860285, -0.023692976218562985, 1.1354827880859375] 
[-0.17347206336335572, -0.02940503198513613, 1.1321868896484375] 
[-0.17756637253254415, -0.03870511485853329, 1.122802734375] 
[-0.1803758603495207, -0.04485472873298211, 1.11138916015625] 
[-0.18630000854817022, -0.05717580235288504, 1.1094512939453125] 
[-0.18994800437465165, -0.06549938768519824, 1.1121673583984375] 
[-0.19498786991301797, -0.0779290911029307, 1.1344757080078125] 
[-0.19728738721831132, -0.07010225156383496, 1.1387176513671875] 
[-0.19929556134910653, -0.07913730642701235, 1.1319732666015625] 
[-0.20030501289971736, -0.08476579277922607, 1.1267852783203125] 
[-0.20137573711462975, -0.09256022933662071, 1.145111083984375] 
[-0.2021069575107011, -0.09709289361000051, 1.1353912353515625] 
[-0.20398781851988962, -0.10542014984594293, 1.126190185546875] 
[-0.2050804766012219, -0.11036753131271852, 1.123382568359375] 
[-0.20626277932007947, -0.11673418093759326, 1.127655029296875] 
[-0.20657295771014944, -0.1198594511328743, 1.1267242431640625] 
[-0.20919672029256997, -0.12737861737643041, 1.123779296875] 
[-0.20946517694403743, -0.12944613342001982, 1.1261749267578125] 
[-0.21033300949113057, -0.1312577761697447, 1.1317291259765625] 
[-0.21087993395302768, -0.13077063752918414, 1.125396728515625] 
[-0.21184790106227874, -0.12681253334706877, 1.13177490234375] 
[-0.21299849388267642, -0.12354097198670932, 1.133331298828125] 
[-0.21532447469618396, -0.11778264432565014, 1.1309661865234375] 
[-0.21677213375952878, -0.11436361404207744, 1.132110595703125] 
[-0.2140072291927163, -0.10112287505016264, 1.1333770751953125] 
[-0.21602350903143133, -0.09782607059167281, 1.1305999755859375] 
[-0.21900465549187836, -0.09297372368644598, 1.139007568359375] 
[-0.22132253012127895, -0.08967021178068707, 1.1388397216796875] 
[-0.2268623532827237, -0.08303327813296249, 1.150238037109375] 
[-0.23031532397418583, -0.07886974018586258, 1.14813232421875] 
[-0.23516874839251112, -0.07317617498471507, 1.160064697265625] 
[-0.23807479381660618, -0.07080429428378487, 1.16522216796875] 
[-0.24274201503692144, -0.06929488610230927, 1.1760711669921875] 
[-0.25395302733303676, -0.06821043899979337, 1.1909942626953125] 
[-0.25735903052806053, -0.06810099212731419, 1.1913909912109375] 
[-0.25831841445892095, -0.06931301440230457, 1.1942291259765625] 
[-0.2576048368308855, -0.07379632515212282, 1.19683837890625] 
[-0.25695467798682836, -0.0771473317959383, 1.2022552490234375] 
[-0.2560024473267815, -0.08267933373390936, 1.2094573974609375] 
[-0.2547672175228596, -0.08753653009187284, 1.215667724609375] 
[-0.2513876783686435, -0.09849684300262082, 1.2282257080078125] 
[-0.2345061948088278, -0.13571933359234667, 1.235992431640625] 
[-0.23157964471209994, -0.1479783427597241, 1.2592010498046875] 
[-0.23029291614667238, -0.15573156015531608, 1.2758941650390625] 
[-0.22966493123587392, -0.16877083290058384, 1.2999267578125] 
[-0.22989547943084263, -0.17816968847182615, 1.3126678466796875] 
[-0.2310115035605268, -0.19335714538770987, 1.3503570556640625] 
[-0.2320483731606093, -0.20390876831593358, 1.3712921142578125] 
[-0.23450619972951878, -0.22441363868844857, 1.4148406982421875] 
[-0.2359796083490405, -0.23841578842739772, 1.441009521484375] 
[-0.23535019305772906, -0.28620497155447117, 1.5215606689453125] 
[-0.237346447618554, -0.29933087161399724, 1.555389404296875] 
[-0.24264904753235764, -0.32154620985474147, 1.6141510009765625] 
[-0.24668923773694287, -0.33595147638359013, 1.65594482421875] 
[-0.2532788044186381, -0.35683946538688854, 1.7408294677734375] 
[-0.256806163298189, -0.3662428991072811, 1.79095458984375] 
[-0.261188240926639, -0.3749315775968146, 1.8560333251953125] 
[-0.26411979787960355, -0.3801304479965806, 1.905426025390625] 
[-0.266709705224462, -0.3773533773666834, 2.002777099609375] 
[-0.2689603478646435, -0.3810688657459339, 2.0532073974609375] 
[-0.27226740982636843, -0.38870687087009104, 2.1355438232421875] 
[-0.2739158145943897, -0.39368179558318783, 2.1960906982421875] 
[-0.2751448475675761, -0.4010277847135377, 2.272674560546875] 
[-0.2752697778525833, -0.40545713215174206, 2.299346923828125] 
[-0.2742829767666853, -0.41406397503875747, 2.340850830078125] 
[-0.2727020438145039, -0.41985705091514425, 2.3573455810546875] 
[-0.2688952646179154, -0.4284107855318779, 2.32208251953125] 
[-0.2610931154319069, -0.4201553314115895, 2.3134918212890625] 
[-0.2510076632117972, -0.4197032826865004, 2.3227996826171875] 
[-0.243846137609382, -0.4187301720898983, 2.315643310546875] 
[-0.232944827022134, -0.4158713576102994, 2.2155914306640625] 
[-0.2266830819258869, -0.41444732067866424, 2.2087554931640625] 
[-0.2173884534117065, -0.4147319830006246, 2.204071044921875] 
[-0.2117961788752446, -0.41390769072641515, 2.19805908203125] 
[-0.2046484817962516, -0.4113825068887037, 2.165771484375] 
[-0.19784600831977905, -0.3764859422854167, 2.1248321533203125] 
[-0.19696434847746758, -0.36569474958963866, 2.1142425537109375] 
[-0.19720490895766576, -0.35818507738966404, 2.10980224609375] 
[-0.19872003887059703, -0.34676709510284887, 2.1061553955078125] 
[-0.20070723181579, -0.3400018403955302, 2.108642578125] 
[-0.20589491400666401, -0.32945398961542277, 2.1069183349609375] 
[-0.2100380990291162, -0.32241509557967457, 2.1064300537109375] 
[-0.21667057846356594, -0.31192277344586805, 2.117584228515625] 
[-0.22137404027237662, -0.3050454877587319, 2.114837646484375] 
[-0.24669209531833258, -0.2748795876337344, 2.1126708984375] 
[-0.25230701799880406, -0.2669639456058533, 2.1098785400390625] 
[-0.2601561316820867, -0.25634239516693164, 2.1195526123046875] 
[-0.26512065772941096, -0.2514857880835219, 2.12445068359375] 
[-0.2735948979809583, -0.24696832788460035, 2.126922607421875] 
[-0.2784251959266413, -0.24519294094389352, 2.11810302734375] 
[-0.2842663758347859, -0.24446721966952764, 2.13653564453125] 
[-0.2861164807023008, -0.24740890117985692, 2.1459503173828125] 
[-0.2967850988128357, -0.2774162279179371, 2.1694488525390625] 
[-0.29518413987607023, -0.286147008294645, 2.172576904296875] 
[-0.291326339597592, -0.3016239192442292, 2.1791534423828125] 
[-0.28685938767130664, -0.3134203075473432, 2.193603515625] 
[-0.27606321959400565, -0.33687752174023317, 2.2073211669921875] 
[-0.2681869271056748, -0.3544454232169035, 2.200775146484375] 
[-0.25542144674906075, -0.38386608007389733, 2.195068359375] 
[-0.24644367345608842, -0.4043848067036364, 2.1960601806640625] 
[-0.22791592984745565, -0.44643440821921165, 2.1944427490234375] 
[-0.18720934629017663, -0.5186395947866905, 2.1982421875] 
[-0.16745113964827482, -0.5682466614369504, 2.1906585693359375] 
[-0.15516105832553645, -0.6006912981257365, 2.1907196044921875] 
[-0.1338703161244406, -0.6607434373732385, 2.19854736328125] 
[-0.11917820031988037, -0.7034449070556897, 2.2013397216796875] 
[-0.09616013607913344, -0.7711390679859846, 2.1987152099609375] 
[-0.08180227632715914, -0.8130115090505652, 2.19158935546875] 
[-0.05658602060774422, -0.8869266398624417, 2.1935577392578125] 
[-0.021331754560002178, -0.9702322419364742, 2.1905517578125] 
[0.004450740939759347, -1.050959579586553, 2.1878509521484375] 
[0.018669604628069977, -1.101102809356352, 2.1843109130859375] 
[0.040577850214372914, -1.1915328467750725, 2.171966552734375] 
[0.05572033651366178, -1.2543595239583494, 2.1671295166015625] 
[0.07952946952368879, -1.3525124378564124, 2.1529083251953125] 
[0.09399867251918605, -1.4116853296385068, 2.1461334228515625] 
[0.12038937079607752, -1.5149097554903415, 2.1493682861328125] 
[0.1390740019530738, -1.5869836271671043, 2.1470489501953125] 
[0.16030705920516986, -1.7126285521391362, 2.136444091796875] 
[0.17959369145074075, -1.7834174382775436, 2.1380615234375] 
[0.21563951163697423, -1.9129933663390284, 2.1411285400390625] 
[0.24053987940205732, -2.0036103912517707, 2.1497955322265625] 
[0.27871261035399253, -2.146167786993208, 2.158233642578125] 
[0.3012719786389766, -2.233621700001678, 2.1644134521484375] 
[0.339658810568225, -2.3896219139854074, 2.1934051513671875] 
[0.36560368496442297, -2.49834240314619, 2.2052154541015625] 
[0.40427328765794174, -2.682220748575519, 2.2338714599609375] 
[0.42890306323713356, -2.7864310529029437, 2.2432708740234375] 
[0.4749006137615812, -2.9723824883594596, 2.248077392578125] 
[0.5065588902547291, -3.101036257903438, 2.2419281005859375] 
[0.5554427086290277, -3.300899114591945, 2.2196197509765625] 
[0.5855589171496116, -3.4241212645249477, 2.216888427734375] 
[0.6392439622959529, -3.64636791129736, 2.2096710205078125] 
[0.6753491827003206, -3.7985047384805277, 2.20654296875] 
[0.7295349113923737, -4.032215377622326, 2.201446533203125] 
[0.7839900459732393, -4.205466689590979, 2.1999664306640625] 
[0.8330436529908096, -4.448772712509005, 2.2115478515625] 
[0.8662549980731926, -4.614067751771556, 2.20849609375] 
[0.9173108308065003, -4.8666153050285965, 2.1986083984375] 
[0.9476235221474089, -5.019421771159041, 2.2006988525390625] 
[1.000935734129952, -5.284880999050672, 2.2006683349609375] 
[1.0376899554214645, -5.465019770195468, 2.1994781494140625] 
[1.0944697009901128, -5.739966340549077, 2.177001953125] 
[1.1158914052549544, -5.903786505491919, 2.181182861328125] 
[1.1759264897143924, -6.17352424710129, 2.187225341796875] 
[1.216605528803895, -6.35637964354428, 2.19769287109375] 
[1.2781512329609175, -6.635039503373434, 2.2155914306640625] 
[1.3141964248240567, -6.798722985094826, 2.221160888671875] 
[1.3761374351576674, -7.08050009386658, 2.2234039306640625] 
[1.4179360953859368, -7.271040208690898, 2.2313385009765625] 
[1.4815050269802388, -7.560710142305228, 2.234344482421875] 
[1.521100248911335, -7.734347936910943, 2.2433624267578125] 
[1.5968202964764493, -8.008847114994897, 2.272796630859375] 
[1.643778301682335, -8.213685677877386, 2.280517578125] 
[1.713929460423568, -8.52348539635072, 2.2774200439453125] 
[1.7534693903209873, -8.702135878281268, 2.2733612060546875] 
[1.8181818145267827, -9.002736848539158, 2.28277587890625] 
[1.8612984818262717, -9.204458163270022, 2.2808074951171875] 
[1.92584689354407, -9.508623050209303, 2.2907562255859375] 
[1.9624376359331055, -9.686671690614181, 2.3048095703125] 
[2.0031959260613066, -9.933861041541858, 2.3059539794921875] 
[2.043472601206796, -10.138242060021945, 2.28900146484375] 
[2.1040785928894437, -10.445250829460926, 2.2602996826171875] 
[2.141645905595421, -10.626325355150483, 2.248748779296875] 
[2.209736748462803, -10.938404820259558, 2.233001708984375] 
[2.255214731090618, -11.146386735760915, 2.2260589599609375] 
[2.3234443495301167, -11.458230540088806, 2.2178802490234375] 
[2.3611113368670376, -11.636186366983072, 2.2069549560546875] 
[2.4209286855898777, -11.932274976442102, 2.1884307861328125] 
[2.4524707535565744, -12.084652539286372, 2.1469879150390625] 
[2.513002885840694, -12.37877972585066, 2.1513214111328125] 
[2.5483844267526523, -12.549321300310133, 2.14642333984375] 
[2.6102898483904267, -12.840317459980879, 2.1270599365234375] 
[2.6522564671870126, -13.033711608646671, 2.1210174560546875] 
[2.7164712011622782, -13.322566518603198, 2.124114990234375] 
[2.7560236094981416, -13.489338969625416, 2.10693359375] 
[2.827938720831811, -13.77106169507913, 2.0875244140625] 
[2.8761036590285745, -13.895821260740819, 2.0653839111328125] 
[2.946374661245307, -14.170268229890286, 2.0515289306640625] 
[2.987403353202787, -14.32672091260553, 2.0619964599609375] 
[3.0571512745984957, -14.587653278007474, 2.078460693359375] 
[3.1029282845751456, -14.759021478110196, 2.08807373046875] 
[3.1703564242782085, -15.011800704064798, 2.1150054931640625] 
[3.2081641173386397, -15.155807594189564, 2.129608154296875] 
[3.268381596226452, -15.396699363215898, 2.1273651123046875] 
[3.30775951666355, -15.554135295213959, 2.1050262451171875] 
[3.3750831903949834, -15.725731179930618, 2.1170501708984375] 
[3.409899237242324, -15.855588270260508, 2.1028900146484375] 
[3.470254517884584, -16.067700414272714, 2.099609375] 
[3.5091136398814817, -16.20203143441791, 2.103546142578125] 
[3.5645956802079475, -16.391640507311955, 2.0910491943359375] 
[3.5932867980747623, -16.493666415954213, 2.06317138671875] 
[3.633676581619546, -16.652893370838452, 2.0367279052734375] 
[3.658713253098996, -16.750675934775693, 2.0145416259765625] 
[3.671254974430243, -16.823672781253638, 1.99359130859375] 
[3.6867330249875874, -16.888293154810334, 2.0182342529296875] 
[3.70638052285233, -16.975980734558178, 2.0168304443359375] 
[3.71709118844225, -17.026370094421903, 2.013580322265625] 
[3.729861306803666, -17.09033206716939, 2.0009613037109375] 
[3.736222759523939, -17.118499699316068, 2.0140838623046875] 
[3.747982921591481, -17.154022848648502, 2.0299835205078125] 
[3.7535914435718545, -17.171274671164287, 2.0425262451171875] 
[3.7582300903657346, -17.188768680775812, 2.0709686279296875] 
[3.7278299929851952, -17.08458339332837, 2.108551025390625] 
[3.7177869346208174, -17.080044203531404, 2.099029541015625] 
[3.7100999061102864, -17.073365938403775, 2.0816192626953125] 
[3.6979735559814912, -17.05900730524387, 2.0953826904296875] 
[3.690404778878826, -17.049425698627612, 2.102020263671875] 
[3.677641382657376, -17.036959604144556, 2.123291015625] 
[3.6694994521510584, -17.027231525230505, 2.12786865234375] 
[3.6570631599453134, -17.011202238596912, 2.1629486083984375] 
[3.6125932095393822, -16.966558652077847, 2.182373046875] 
[3.6038848084003376, -16.964680616673775, 2.193756103515625] 
[3.5981527998910994, -16.963131780883334, 2.1977691650390625] 
[3.5897395579561815, -16.960641752611814, 2.2136077880859375] 
[3.587234279978276, -16.96328115367749, 2.218353271484375] 
[3.5921428173757772, -16.985713163821284, 2.2275848388671875] 
[3.595364312625612, -17.000470606925525, 2.2353057861328125] 
[3.6000735333071234, -17.02219490940393, 2.2391204833984375] 
[3.6043245111318836, -17.03793125144193, 2.23443603515625] 
[3.687895365537118, -17.23027979133962, 2.233428955078125] 
[3.6949439265206125, -17.25020582008643, 2.2343292236328125] 
[3.704662760603776, -17.27889988164438, 2.242919921875] 
[3.7101010563125905, -17.297552617009146, 2.24383544921875] 
[3.714565670222689, -17.329531428603847, 2.243408203125] 
[3.7167410011130246, -17.349696743950037, 2.25286865234375] 
[3.718571110251513, -17.378209528044845, 2.2647705078125] 
[3.718655524700746, -17.394897214696673, 2.2781829833984375] 
[3.731943061752676, -17.52109974921811, 2.3034515380859375] 
[3.7277931980827193, -17.535327862414714, 2.3248443603515625] 
[3.72037655553009, -17.554969648055017, 2.3795013427734375] 
[3.7157813244993885, -17.56391895832931, 2.4052581787109375] 
[3.7084652778959977, -17.56591011150949, 2.468048095703125] 
[3.7031347630759703, -17.56642638957899, 2.5093536376953125] 
[3.69475394636552, -17.566311821950183, 2.596771240234375] 
[3.688286183376136, -17.564628116638364, 2.63555908203125] 
[3.6696272270553587, -17.557565542466257, 2.701934814453125] 
[3.642096765229913, -17.517459695891457, 2.7665863037109375] 
[3.6248153784244463, -17.508086921058283, 2.8516082763671875] 
[3.616088853452119, -17.50245136499337, 2.8950347900390625] 
[3.608049921641411, -17.496274875453437, 2.947235107421875] 
[3.6029101351005197, -17.491457243542687, 2.9807281494140625] 
[3.5955058663428066, -17.48316778313933, 3.0399169921875] 
[3.592082678060748, -17.478338549243144, 3.077423095703125] 
[3.5894906081658418, -17.47175164777343, 3.1361846923828125] 
[3.6231011388072227, -17.47950452663277, 3.1647186279296875] 
[3.6232041280358893, -17.47213595602694, 3.24835205078125] 
[3.6240500263240527, -17.46788245998015, 3.299530029296875] 
[3.624694697115193, -17.459494384282483, 3.375152587890625] 
[3.625413278835506, -17.45386172871393, 3.4229736328125] 
[3.6267827364615437, -17.445417094523698, 3.5137786865234375] 
[3.6291039556646005, -17.441430438605252, 3.5660858154296875] 
[3.635834448100398, -17.436515641252893, 3.646209716796875] 
[3.6405817937801985, -17.433223641161703, 3.69677734375] 
[3.6757229610432205, -17.44482395448711, 3.8073577880859375] 
[3.681495499155799, -17.44228896891749, 3.853179931640625] 
[3.692096445592322, -17.437865796602026, 3.926544189453125] 
[3.6999699066150473, -17.4351074775585, 3.964630126953125] 
[3.713005563013734, -17.431409415095615, 4.019805908203125] 
[3.7205543047080085, -17.42986783094156, 4.0562896728515625] 
[3.7315510248532155, -17.429267440059554, 4.0866546630859375] 
[3.7394311657708585, -17.429274690904972, 4.10284423828125] 
[3.7563539846456133, -17.450037497427775, 4.0626373291015625] 
[3.7628021991765683, -17.45174150621412, 4.0658416748046875] 
[3.7717437740827724, -17.457242191966678, 4.07391357421875] 
[3.7774524224068475, -17.461022916598402, 4.073699951171875] 
[3.785196670337085, -17.466538105623737, 4.02301025390625] 
[3.789850562621855, -17.469193459023902, 4.0242156982421875] 
[3.8006541670197187, -17.46961112259007, 4.0140838623046875] 
[3.806791959958027, -17.4693094765054, 4.00811767578125] 
[3.8141781008602322, -17.467904213307364, 3.974456787109375] 
[3.813003668953683, -17.47634159586121, 3.945220947265625] 
[3.8110505515879205, -17.465682475016887, 3.9442596435546875] 
[3.8087288456515975, -17.457888990790448, 3.9470977783203125] 
[3.8040968785892977, -17.445388090351067, 3.943939208984375] 
[3.800124375711442, -17.43649243807298, 3.94097900390625] 
[3.790615833168957, -17.4176729269359, 3.930816650390625] 
[3.7838185676709113, -17.404881983188265, 3.93218994140625] 
[3.7732752978597923, -17.38552589050716, 3.9434661865234375] 
[3.741976874411074, -17.313393375334176, 3.9501495361328125] 
[3.7314669790441317, -17.290709026752868, 3.953094482421875] 
[3.7242896771696206, -17.27580946249086, 3.953643798828125] 
[3.713134629371752, -17.253961890894573, 3.950897216796875] 
[3.7062739459767724, -17.241988871301103, 3.956878662109375] 
[3.6937861568510373, -17.227314090365702, 3.9503631591796875] 
[3.6855574426020423, -17.218081986837596, 3.946929931640625] 
[3.673252282364689, -17.205082210515908, 3.95660400390625] 
[3.666271919628421, -17.19878390329273, 3.951202392578125] 
[3.6507500596361004, -17.20412506490936, 3.9565582275390625] 
[3.6436419076375364, -17.20055607255708, 3.9576873779296875] 
[3.631897509175142, -17.195867509965968, 3.9688568115234375] 
[3.62469494610738, -17.193426788550628, 3.969696044921875] 
[3.61266158617258, -17.188295908569774, 3.9752349853515625] 
[3.6028226125059, -17.185486832026395, 3.98114013671875] 
[3.584822645896963, -17.182310849416705, 3.997802734375] 
[3.5719491103958756, -17.18181342338709, 4.001251220703125] 
[3.5541489529461607, -17.19946260678549, 4.0071563720703125] 
[3.5324106193982634, -17.202097656711135, 4.00543212890625] 
[3.4955161530780683, -17.20702840639799, 4.023406982421875] 
[3.4707403960584586, -17.21161545398941, 4.02447509765625] 
[3.420556126413287, -17.22384226266406, 4.0253753662109375] 
[3.38428965276729, -17.232633498655115, 4.02923583984375] 
[3.325618712329042, -17.246768797550136, 4.0550689697265625] 
[3.2864297274216216, -17.254875529846686, 4.0605926513671875] 
[3.211767714447394, -17.264426681646643, 4.064544677734375] 
[3.123605140782721, -17.28952564717605, 4.0754547119140625] 
[3.040141745106102, -17.300279032174654, 4.083404541015625] 
[2.9884625977435806, -17.305866731236083, 4.09027099609375] 
[2.8939047254256995, -17.311553045591815, 4.0864105224609375] 
[2.827859553782688, -17.31585004908401, 4.0871429443359375] 
[2.7246719601018596, -17.323117103899175, 4.095245361328125] 
[2.6607081647719046, -17.327691098861486, 4.0932769775390625] 
[2.54510718055747, -17.3379079015251, 4.0965576171875] 
[2.4207219642681084, -17.32058791932228, 4.10723876953125] 
[2.2989831884735596, -17.33253338459581, 4.127899169921875] 
[2.22656705363981, -17.340553104374465, 4.133514404296875] 
[2.1044491956696763, -17.358625751540778, 4.13665771484375] 
[2.021923249596816, -17.370912019204354, 4.1335296630859375] 
[1.8964437191777872, -17.389592308889057, 4.1453094482421875] 
[1.8229775974477778, -17.39991932804145, 4.1477203369140625] 
[1.6989247478527698, -17.413760232488187, 4.1546783447265625] 
[1.615400309561251, -17.423060496494298, 4.151641845703125] 
[1.493826988822565, -17.432324504691394, 4.1604766845703125] 
[1.4213631661124324, -17.43992365961655, 4.147125244140625] 
[1.3026918507185465, -17.45255508001923, 4.1468963623046875] 
[1.224266185031139, -17.46092865244412, 4.1556396484375] 
[1.1084077058833248, -17.4734600076998, 4.16485595703125] 
[1.043905085060915, -17.480824227165606, 4.1732635498046875] 
[0.9426772700855847, -17.49447080152009, 4.179931640625] 
[0.8787144236582923, -17.50323013284216, 4.1819610595703125] 
[0.8470856188361583, -17.508007159385805, 4.2032928466796875] 
[0.8007465173642891, -17.514108236811342, 4.2117156982421875] 
[0.7333862352943493, -17.520660332324727, 4.2149810791015625] 
[0.6927748510695174, -17.524229325467978, 4.2129974365234375] 
[0.6379052083628239, -17.528340700357003, 4.208221435546875] 
[0.6132138438736238, -17.529421114290457, 4.208648681640625] 
[0.5797330198046694, -17.530311550062663, 4.2082977294921875] 
[0.5606072501827932, -17.530252091073734, 4.206390380859375] 
[0.5362568210541213, -17.529329750632538, 4.2069854736328125] 
[0.6227056776433091, -17.50779542710636, 4.208709716796875] 
[0.6127980426297801, -17.50458318868765, 4.19781494140625] 
[0.6082204457832475, -17.502148268265035, 4.1944122314453125] 
[0.6038569461223455, -17.498094902512246, 4.1987457275390625] 
[0.6026491292411933, -17.495352535803214, 4.197509765625] 
[0.602923782924247, -17.48965461946204, 4.20172119140625] 
[0.6041397069222142, -17.48574627536338, 4.201202392578125] 
[0.607322088985599, -17.479742362588482, 4.2073822021484375] 
[0.7089170645261467, -17.451204924670098, 4.2104644775390625] 
[0.7116726803741974, -17.44488196362334, 4.1974945068359375] 
[0.7141460129176367, -17.44072418158353, 4.190460205078125] 
[0.7185261989411303, -17.434607151823496, 4.184814453125] 
[0.7188003765612074, -17.431109219654612, 4.1793670654296875] 
[0.712755564876084, -17.42578255972881, 4.1676788330078125] 
[0.7089900157214859, -17.42247315665946, 4.1618499755859375] 
[0.7039537044444775, -17.41795427033702, 4.1524658203125] 
[0.7003798409127269, -17.41650840018994, 4.1458892822265625] 
[0.6384778685218259, -17.42740535698998, 4.1253204345703125] 
[0.632035856162561, -17.429284842246744, 4.1138458251953125] 
[0.6233293639301755, -17.43287413807355, 4.1146240234375] 
[0.6178920382731047, -17.4359529560326, 4.102508544921875] 
[0.608760688222314, -17.44276464161989, 4.084808349609375] 
[0.6033395763151769, -17.447647533512285, 4.08026123046875] 
[0.5958418562455682, -17.455298896580956, 4.0948333740234375] 
[0.590872780115159, -17.46054289433792, 4.1018218994140625] 
[0.5371093946588539, -17.49718851440555, 4.1008453369140625] 
[0.5314746599875658, -17.50422643475408, 4.0991058349609375] 
[0.5259763004324112, -17.511291908631577, 4.088653564453125] 
[0.5182120304398748, -17.521015636405604, 4.0654144287109375] 
[0.510208868511723, -17.52974161320598, 4.0510101318359375] 
[0.5052135672942101, -17.53541777621994, 4.0493927001953125] 
[0.49829710497369556, -17.543723188166823, 4.0416412353515625] 
[0.49504987457551236, -17.54815216147501, 4.0411529541015625] 
[0.4940408951536968, -17.55354988237518, 4.038299560546875] 
[0.47912317768170953, -17.556168980757302, 4.0207061767578125] 
[0.4788475685848048, -17.56127520691458, 4.0240478515625] 
[0.4788060845851471, -17.56268772095803, 4.0157623291015625] 
[0.4786525441869966, -17.562080079230615, 4.0074615478515625] 
[0.47871119438737997, -17.561820489156712, 4.00445556640625] 
[0.47902828819894433, -17.561610207520935, 4.0058135986328125] 
[0.47907692614771075, -17.561803086969523, 4.0010528564453125] 
[0.4775253112565976, -17.563311315810918, 3.99737548828125] 
[0.47009815917351166, -17.53867642099847, 3.9888916015625] 
[0.4692789595135028, -17.54040943474842, 3.9892425537109375] 
[0.4686242675349284, -17.541015626623143, 3.99066162109375] 
[0.4674755775230639, -17.54087205482171, 3.9937744140625] 
[0.46628158789006885, -17.540703829196698, 3.99285888671875] 
[0.4635946333939906, -17.540180300281786, 4.0081024169921875] 
[0.4607069338852004, -17.54003672768938, 4.0200958251953125] 
[0.45330171890585835, -17.54227586816705, 4.0461883544921875] 
[0.4470704653483517, -17.54371593732141, 4.0762786865234375] 
[0.42050800793527543, -17.537123234858978, 4.16021728515625] 
[0.4115826487361848, -17.537996267653018, 4.1885528564453125] 
[0.3906863994821277, -17.537996267653018, 4.233642578125] 
[0.37689209852635797, -17.53831096557582, 4.263153076171875] 
[0.3575059776341043, -17.53939428079661, 4.368804931640625] 
[0.34738376944061944, -17.540841600796384, 4.4127960205078125] 
[0.3366655179977502, -17.546330684563504, 4.474334716796875] 
[0.3309025156269572, -17.55034924594191, 4.514739990234375] 
[0.3104211112100417, -17.559621955628085, 4.6237030029296875] 
[0.31009781720518365, -17.56193650742918, 4.65618896484375] 
[0.31494959284345997, -17.561707372171576, 4.6964263916015625] 
[0.3192692229252702, -17.56142312906507, 4.7144775390625] 
[0.3270282489894834, -17.560793733219462, 4.7596588134765625] 
[0.3324708206199181, -17.563272160296513, 4.785400390625] 
[0.3440101788697104, -17.579833678125066, 4.8311004638671875] 
[0.3519599386710207, -17.59065232231435, 4.85955810546875] 
[0.3640066481961184, -17.606440872495867, 4.8904266357421875] 
[0.3927382217298891, -17.643253268335812, 4.9003753662109375] 
[0.4108936371107789, -17.64922382579805, 4.9449615478515625] 
[0.42272195575369, -17.652620242176265, 4.9780120849609375] 
[0.43996518965384357, -17.656770773370663, 5.035369873046875] 
[0.4506915466523543, -17.659124480686167, 5.0690155029296875] 
[0.4661352130778915, -17.663095184270112, 5.12322998046875] 
[0.4761091284779827, -17.664983371806937, 5.1477203369140625] 
[0.4857702417044884, -17.666216059030905, 5.18951416015625] 
[0.5269948317376979, -17.640503649990393, 5.23016357421875] 
[0.5332542164912435, -17.626423459735243, 5.2837982177734375] 
[0.5368647948358359, -17.616415488854713, 5.316925048828125] 
[0.5412206611374564, -17.600951787937777, 5.3589019775390625] 
[0.5416521947912555, -17.591309272479897, 5.3941192626953125] 
[0.5389471183309058, -17.578622743437343, 5.453765869140625] 
[0.5363045090117077, -17.570366638346638, 5.4931793212890625] 
[0.5331202181543232, -17.562342569009903, 5.5373077392578125] 
[0.5282593814676318, -17.552085159397244, 5.5934295654296875] 
[0.5007651932716203, -17.537680119877518, 5.644256591796875] 
[0.4973744328895535, -17.53283348300317, 5.672515869140625] 
[0.49207777100061, -17.526188573188197, 5.700164794921875] 
[0.48868701165883366, -17.52261522969589, 5.72076416015625] 
[0.4826331403688968, -17.517156599954095, 5.7456817626953125] 
[0.47902065450769904, -17.51400527116798, 5.7514801025390625] 
[0.4743381533966319, -17.509944653778806, 5.740142822265625] 
[0.47209083999000867, -17.508255146683293, 5.73974609375] 
[0.46334190821121995, -17.504664401003794, 5.7309722900390625] 
[0.462033955483099, -17.503747861555322, 5.726470947265625] 
[0.4596464524195185, -17.50252822616949, 5.65936279296875] 
[0.45794654302018983, -17.50188142813669, 5.6519012451171875] 
[0.4544909343159149, -17.500944585213695, 5.6394805908203125] 
[0.45155364343158927, -17.500345644184385, 5.63421630859375] 
[0.44616924681301506, -17.499523369681164, 5.6031494140625] 
[0.4430822302333095, -17.49934789321074, 5.6058807373046875] 
[0.4381574995051653, -17.499317438394442, 5.599578857421875] 
[0.43658156677344584, -17.503151821022374, 5.5641021728515625] 
[0.4292154508992502, -17.50317067385323, 5.5709991455078125] 
[0.424945889347988, -17.50304450502996, 5.5750885009765625] 
[0.4175945563311699, -17.50225268455206, 5.575103759765625] 
[0.4125143775104881, -17.501887229129412, 5.5775909423828125] 
[0.4048831422582082, -17.501531925048535, 5.5943450927734375] 
[0.39996747217344725, -17.501743657327978, 5.5971221923828125] 
[0.3900522085928597, -17.50307931019531, 5.600067138671875] 
[0.3925937283970859, -17.50598120104027, 5.6136322021484375] 
[0.3847340909855738, -17.50750393236347, 5.610382080078125] 
[0.38125750268830133, -17.508523437455302, 5.602691650390625] 
[0.3779482807899673, -17.5102056937054, 5.5888214111328125] 
[0.3761897213134882, -17.511159938815585, 5.592529296875] 
[0.37416270504902344, -17.512024270120545, 5.5955657958984375] 
[0.3734856025602297, -17.51103231934865, 5.6020355224609375] 
[0.37282900231839095, -17.505691156941044, 5.599090576171875] 
[0.37267450904533017, -17.501246231298364, 5.5919647216796875] 
[0.38106724417042914, -17.485847790363074, 5.58282470703125] 
[0.3821067385562535, -17.479378357018525, 5.585052490234375] 
[0.38590375868241467, -17.465673774318777, 5.5872802734375] 
[0.38838138096358865, -17.45517127711402, 5.5865020751953125] 
[0.39195333488408, -17.43712183391859, 5.585906982421875] 
[0.3944776871955232, -17.425185069343165, 5.5832977294921875] 
[0.39892796700523386, -17.402993795651447, 5.5740966796875] 
[0.40169884150274915, -17.386182840672706, 5.5721282958984375] 
[0.4287185755970732, -17.343454995219428, 5.57354736328125] 
[0.43037366031500024, -17.323008337263094, 5.5779876708984375] 
[0.4310784147882611, -17.28090553651539, 5.56915283203125] 
[0.43135449761858685, -17.250488613340238, 5.5755462646484375] 
[0.4314379389359251, -17.20130003603149, 5.5841827392578125] 
[0.43084713982098627, -17.16810303969462, 5.5807952880859375] 
[0.42839382830690503, -17.103675545586512, 5.5765380859375] 
[0.4266123750686698, -17.05819953243148, 5.5774078369140625] 
[0.42361642710072395, -16.98603221209314, 5.5807647705078125] 
[0.415737231302997, -16.893097734882947, 5.58648681640625] 
[0.40736928361835234, -16.814079573442914, 5.5937347412109375] 
[0.4014727626888119, -16.75837950598788, 5.5970458984375] 
[0.3921382750434607, -16.670209002692218, 5.59613037109375] 
[0.3870824111517547, -16.614899045274388, 5.6019287109375] 
[0.3806475436082738, -16.514588746612944, 5.599853515625] 
[0.3758606117502698, -16.444749029913833, 5.596893310546875] 
[0.3677129599077276, -16.335741759415615, 5.598876953125] 
[0.35536488655228443, -16.21072985610738, 5.589996337890625] 
[0.34481399783943506, -16.08825293836877, 5.5825958251953125] 
[0.3370530608629833, -16.004069090991557, 5.578369140625] 
[0.3243435499990296, -15.874161243952795, 5.5751953125] 
[0.3165940571647724, -15.79618143964448, 5.5759429931640625] 
[0.30294614133608594, -15.661512518396567, 5.571075439453125] 
[0.2930897634747838, -15.569514883318393, 5.57275390625] 
[0.27720645660863585, -15.42829096526976, 5.5671234130859375] 
[0.2657898844197608, -15.34476406805809, 5.558746337890625] 
[0.22817922039220745, -15.202962963098337, 5.5458526611328125] 
[0.21110955865350964, -15.105862002359245, 5.5467376708984375] 
[0.18471829416476546, -14.9570751844035, 5.5572052001953125] 
[0.16942102356060215, -14.867698098351116, 5.5576171875] 
[0.14494805806404, -14.710105541922513, 5.5515899658203125] 
[0.12816569260509034, -14.603024164622827, 5.5485687255859375] 
[0.10233900423614742, -14.439340682110462, 5.543975830078125] 
[0.08684432525499904, -14.342590675103192, 5.5421142578125] 
[0.06451997615207858, -14.180722869300583, 5.5279998779296875] 
[0.04632285141155645, -14.067889916872543, 5.5316314697265625] 
[0.018287003962507143, -13.895738597781008, 5.531158447265625] 
[0.0014858088663630155, -13.794582820645463, 5.5300750732421875] 
[-0.027981009021874326, -13.621193013337233, 5.53900146484375] 
[-0.048115260703903345, -13.50388903159024, 5.5446014404296875] 
[-0.07912772793716955, -13.325590227922374, 5.5339508056640625] 
[-0.097762337163026, -13.220169352754601, 5.539764404296875] 
[-0.13055648470623046, -13.036944149748933, 5.5515594482421875] 
[-0.1561969537308104, -12.940323212061294, 5.560211181640625] 
[-0.1905558208287905, -12.752977933468497, 5.5711822509765625] 
[-0.21031122084118783, -12.642388472658153, 5.56805419921875] 
[-0.2430192888668079, -12.451157327824774, 5.57000732421875] 
[-0.26524872918284015, -12.322242881410602, 5.5704803466796875] 
[-0.2990852173193312, -12.126813348379335, 5.5572052001953125] 
[-0.31952987124819776, -12.01053249754237, 5.5585174560546875] 
[-0.3560680848353055, -11.80751396092772, 5.561920166015625] 
[-0.371123576069289, -11.673343190240281, 5.562164306640625] 
[-0.4078496552037386, -11.466336547854494, 5.56072998046875] 
[-0.42897164333675253, -11.345401938800793, 5.5691986083984375] 
[-0.46408864702379937, -11.140252303813694, 5.5804290771484375] 
[-0.4873358714404375, -11.002305158843587, 5.5886383056640625] 
[-0.5220044091071553, -10.79373300301103, 5.5738525390625] 
[-0.5415833603240587, -10.670140865382635, 5.5770721435546875] 
[-0.5742425210640858, -10.455071721885592, 5.580322265625] 
[-0.5958260679811441, -10.310862525501324, 5.5749969482421875] 
[-0.617503541664488, -10.104072691065866, 5.579803466796875] 
[-0.6359628862362076, -9.97705658273932, 5.580108642578125] 
[-0.6670980816677018, -9.76088744715613, 5.5770263671875] 
[-0.6877489386741001, -9.616101788391603, 5.5843353271484375] 
[-0.7186614471253208, -9.397918296448324, 5.593994140625] 
[-0.7360059515890371, -9.269265614491609, 5.59722900390625] 
[-0.7645183194989024, -9.046934492641261, 5.5979461669921875] 
[-0.7835412655061306, -8.898130997029188, 5.597198486328125] 
[-0.7938555781317613, -8.682203323219905, 5.60406494140625] 
[-0.8106583957814412, -8.552031535758188, 5.609527587890625] 
[-0.840341140064548, -8.331898947436464, 5.6047210693359375] 
[-0.8600950626459432, -8.18472332475645, 5.601409912109375] 
[-0.8894351983583946, -7.96332469468907, 5.6050872802734375] 
[-0.9058989840320307, -7.833569845471682, 5.61016845703125] 
[-0.9326124848125754, -7.6106484832901335, 5.6043548583984375] 
[-0.9501651068984012, -7.461707942191181, 5.6098480224609375] 
[-0.9760653675577987, -7.237904846517483, 5.599761962890625] 
[-0.9802173553076489, -7.127744650467773, 5.5929107666015625] 
[-1.007117767537335, -6.906438834701979, 5.5971832275390625] 
[-1.0251233750360007, -6.75874620783966, 5.607574462890625] 
[-1.0521217711559938, -6.536986110433253, 5.624969482421875] 
[-1.068174992071756, -6.406488748385124, 5.6304473876953125] 
[-1.0961628083042354, -6.181075545022961, 5.637176513671875] 
[-1.1148073646076773, -6.030793550063955, 5.636566162109375] 
[-1.1426280451288195, -5.805609118902994, 5.6242523193359375] 
[-1.1564043932219257, -5.685511649890719, 5.628753662109375] 
[-1.181866662369682, -5.462482971716755, 5.6229400634765625] 
[-1.1987874661541806, -5.314817174643511, 5.6276702880859375] 
[-1.2239130889646233, -5.095417673132589, 5.6441497802734375] 
[-1.2392841933174061, -4.968946123308283, 5.646759033203125] 
[-1.2671961788641906, -4.756967762021163, 5.64447021484375] 
[-1.2856299660025565, -4.617883282359602, 5.6427764892578125] 
[-1.3038429792539574, -4.480983559066697, 5.641632080078125] 
[-1.3269630476767873, -4.2962798567141, 5.64990234375] 
[-1.343004076312852, -4.107672160611895, 5.640838623046875] 
[-1.3556560439103238, -3.9845589584476895, 5.63922119140625] 
[-1.3732491573447292, -3.8097207435524254, 5.6346435546875] 
[-1.383015827019069, -3.719474249733221, 5.6304168701171875] 
[-1.3988449170780086, -3.5887049710948866, 5.638885498046875] 
[-1.4084129893338586, -3.508892450946028, 5.6378631591796875] 
[-1.4212790546714313, -3.3998784730005407, 5.6345062255859375] 
[-1.427731994420905, -3.3463504739234025, 5.637115478515625] 
[-1.4370628869233635, -3.396073819867074, 5.63336181640625] 
[-1.4426332153190744, -3.3516539298783226, 5.6330413818359375] 
[-1.4494478301369778, -3.2923845078055782, 5.6435394287109375] 
[-1.451447651041901, -3.264828143995481, 5.649444580078125] 
[-1.450926461379317, -3.225930149688361, 5.6551666259765625] 
[-1.44961230599973, -3.2034035131248566, 5.651885986328125] 
[-1.4463572074682063, -3.174067003092187, 5.662811279296875] 
[-1.443316210905135, -3.160072919691357, 5.6628265380859375] 
[-1.4370144004639334, -3.136801413198895, 5.6618194580078125] 
[-1.3983443599352112, -3.2174934924563474, 5.665740966796875] 
[-1.3894619405061286, -3.1997029124310417, 5.6729583740234375] 
[-1.3840925777549489, -3.189697660914156, 5.675506591796875] 
[-1.3756226165419192, -3.1697252242255822, 5.671478271484375] 
[-1.3696972678259667, -3.157974632442448, 5.668304443359375] 
[-1.3605137297798122, -3.142521445132716, 5.6543731689453125] 
[-1.3544336498027636, -3.1294886765547707, 5.64862060546875] 
[-1.3434939385597846, -3.102266226554736, 5.6466522216796875] 
[-1.3325914115123163, -3.046129823835396, 5.6360321044921875] 
[-1.3219730848677989, -3.0209866271206995, 5.633148193359375] 
[-1.3168109048313033, -3.0051922759464627, 5.6318817138671875] 
[-1.3103927456693696, -2.9750055748252056, 5.63177490234375] 
[-1.3062168897602096, -2.9557698507656256, 5.6424407958984375] 
[-1.299981119633548, -2.92813825676482, 5.6443939208984375] 
[-1.2972092929617032, -2.909346662213106, 5.6383514404296875] 
[-1.2936685722008345, -2.8746088070440154, 5.636016845703125] 
[-1.2913816827615197, -2.852233536525504, 5.6358795166015625] 
[-1.3069928611425734, -2.7241924851708035, 5.6431732177734375] 
[-1.3061250219507485, -2.7041208905807497, 5.6384735107421875] 
[-1.3058997091974118, -2.6715048888968815, 5.6383209228515625] 
[-1.3055566219514139, -2.6504549387712113, 5.644317626953125] 
[-1.3047517221083917, -2.6197233168822827, 5.6475830078125] 
[-1.3034397145798442, -2.6019316500606857, 5.6439056396484375] 
[-1.2982863528512607, -2.575017552801616, 5.6400604248046875] 
[-1.2946533704172927, -2.5574055316667827, 5.642791748046875] 
[-1.3015898083245852, -2.4720199952800423, 5.66851806640625] 
[-1.2977179331183049, -2.4566946093609348, 5.6716461181640625] 
[-1.2902822193752734, -2.432117723684723, 5.678558349609375] 
[-1.2854018464839945, -2.416073210038471, 5.6768646240234375] 
[-1.2783001533354266, -2.3925548030448116, 5.685394287109375] 
[-1.2746733718572225, -2.379162198904221, 5.685455322265625] 
[-1.2699648953490128, -2.3580522463914773, 5.6834259033203125] 
[-1.2669453569837634, -2.3446313618181436, 5.684967041015625] 
[-1.2627594879114217, -2.325499147591043, 5.6871490478515625] 
[-1.2613831082421392, -2.3015266408804584, 5.68707275390625] 
[-1.256809101324322, -2.2888923207723915, 5.6824493408203125] 
[-1.2537609549330644, -2.280882208937366, 5.680999755859375] 
[-1.2491337812166867, -2.2693591198444825, 5.6829071044921875] 
[-1.2468023130103312, -2.2619029925316405, 5.684173583984375] 
[-1.2436056313635417, -2.24678589499747, 5.693359375] 
[-1.2411892867692083, -2.237051470901579, 5.6967010498046875] 
[-1.2369276034000982, -2.2230615567170884, 5.70733642578125] 
[-1.2306284210333418, -2.2099872755265224, 5.720916748046875] 
[-1.220813084829558, -2.196755827298242, 5.716827392578125] 
[-1.2136789716492238, -2.18858564713817, 5.7193756103515625] 
[-1.2022021181094398, -2.177342269670023, 5.714630126953125] 
[-1.1953209657054906, -2.172314174199813, 5.710174560546875] 
[-1.1835079483768576, -2.1669797192394773, 5.715728759765625] 
[-1.1753186093385715, -2.1643087757702446, 5.7152099609375] 
[-1.1624308135301797, -2.1616478025100716, 5.7045745849609375] 
[-1.155392308732938, -2.160281513693728, 5.7072601318359375] 
[-1.1533803193535577, -2.1598772650221014, 5.711517333984375] 
[-1.145801086625928, -2.158477802025815, 5.7147674560546875] 
[-1.1335334101952725, -2.1568165745720718, 5.7177886962890625] 
[-1.1251073273642331, -2.1570357388296437, 5.7168426513671875] 
[-1.107767837642243, -2.16032175758637, 5.722442626953125] 
[-1.095769333777907, -2.162629601940194, 5.72869873046875] 
[-1.0774127640677593, -2.166341078506644, 5.7306671142578125] 
[-1.0668690728269612, -2.1680499818311585, 5.730560302734375] 
[-1.0467613414707995, -2.175860144504898, 5.737884521484375] 
[-1.0357513083612544, -2.1766414505846163, 5.739654541015625] 
[-1.0195838693485353, -2.178215302464064, 5.7352752685546875] 
[-1.0114891835268844, -2.1800632453172697, 5.7378692626953125] 
[-1.0002884194228023, -2.185416190843031, 5.7478485107421875] 
[-0.9930868375205598, -2.1894376519268275, 5.74853515625] 
[-0.982467332179899, -2.196060446149153, 5.74456787109375] 
[-0.9768774403584102, -2.200528393839029, 5.74749755859375] 
[-0.9677594755266878, -2.208612829410215, 5.7528076171875] 
[-0.9862366898004964, -2.2266756875001827, 5.759521484375] 
[-0.9782259274872654, -2.234137434673031, 5.75128173828125] 
[-0.9746468317122997, -2.237164769810403, 5.75469970703125] 
[-0.9702621313769463, -2.238882555756714, 5.7586517333984375] 
[-0.967193723471293, -2.2391240175306204, 5.7596588134765625] 
[-0.9622768771620509, -2.2382149108512497, 5.754425048828125] 
[-0.9595689520620155, -2.235204252579234, 5.7516326904296875] 
[-0.95410160299958, -2.2254154459562754, 5.752838134765625] 
[-0.9757266058790979, -2.1903262747899332, 5.749786376953125] 
[-0.9704168496100516, -2.179911697348589, 5.745208740234375] 
[-0.9675174769389735, -2.1738688101920016, 5.7452545166015625] 
[-0.9623460018335027, -2.165701350186547, 5.7395172119140625] 
[-0.958798853222522, -2.1609083713084045, 5.7364501953125] 
[-0.9533484316801367, -2.1549463342025312, 5.738311767578125] 
[-0.9493203994160965, -2.1523408318476625, 5.737152099609375] 
[-0.9390544621005917, -2.1494311451771964, 5.733001708984375] 
[-0.9315279185959744, -2.1479671483120666, 5.7322845458984375] 
[-0.9235319334390529, -2.13297440669207, 5.7150421142578125] 
[-0.9094403788111014, -2.1338153528934316, 5.7119293212890625] 
[-0.8900154694778004, -2.1412364939082074, 5.714141845703125] 
[-0.8750835005107546, -2.146149296427782, 5.7160797119140625] 
[-0.8492266139228947, -2.153363780834003, 5.720672607421875] 
[-0.8308435799907246, -2.158358702915243, 5.718505859375] 
[-0.7939592574677675, -2.1672962300713774, 5.710357666015625] 
[-0.7667727270377006, -2.173069557735976, 5.70269775390625] 
[-0.6996012818072737, -2.214559820636141, 5.7070465087890625] 
[-0.6698215047370694, -2.219465554233989, 5.713958740234375] 
[-0.6126475339831694, -2.226756718683612, 5.7160491943359375] 
[-0.5727234107248167, -2.231513079487306, 5.7192840576171875] 
[-0.5105663169574528, -2.2384482145342206, 5.719635009765625] 
[-0.4722169278737986, -2.2417097606000844, 5.724578857421875] 
[-0.4054104888078314, -2.2446622278121784, 5.7318878173828125] 
[-0.36007838289116006, -2.2464624955855848, 5.730224609375] 
[-0.29167575221596126, -2.2489512551371242, 5.72100830078125] 
[-0.2112533995987572, -2.256759060712649, 5.7190704345703125] 
[-0.14204492227601448, -2.2573184831711495, 5.7193145751953125] 
[-0.09670280381011329, -2.2576018198231074, 5.715301513671875] 
[-0.030177696057156537, -2.2578342178425026, 5.71575927734375] 
[0.008368864518946539, -2.2569463203012297, 5.7153472900390625] 
[0.07210450945855326, -2.25361733907919, 5.7145538330078125] 
[0.11275103296180299, -2.2511855010766215, 5.71551513671875] 
[0.17044951952613535, -2.2472911152706447, 5.7108306884765625] 
[0.2011798594774647, -2.21920632721649, 5.6976165771484375] 
[0.2375987966644138, -2.215042018862121, 5.6977386474609375] 
[0.2596448504493228, -2.212266478764118, 5.7017822265625] 
[0.2896475466555652, -2.2082118435003797, 5.7101898193359375] 
[0.3022490032486248, -2.2053478394498454, 5.7014007568359375] 
[0.31580674511126067, -2.1997135513139385, 5.70526123046875] 
[0.3231046462775109, -2.195978508511175, 5.7072296142578125] 
[0.3318835858180198, -2.1902941881972544, 5.694244384765625] 
[0.3342472382320274, -2.188504072556595, 5.6903533935546875] 
[0.25979624218081426, -2.1981244724218283, 5.6913909912109375] 
[0.25991449568971847, -2.198959618421442, 5.694732666015625] 
[0.25828969461837425, -2.1998591171571835, 5.708221435546875] 
[0.25623240669309116, -2.1989157487106064, 5.70928955078125] 
[0.2509815409768084, -2.1918658649021747, 5.707916259765625] 
[0.24706270274234424, -2.1873874028141205, 5.7113800048828125] 
[0.2408395784939144, -2.181420471170075, 5.71563720703125] 
[0.23715772622803205, -2.1793894371536546, 5.714111328125] 
[0.20648508081447384, -2.172484756132065, 5.717010498046875] 
[0.20531183853858287, -2.1749388916509678, 5.7171783447265625] 
[0.2037974217026168, -2.1809348282586165, 5.7230072021484375] 
[0.20475442227520643, -2.1857666003857346, 5.7184906005859375] 
[0.210757727751562, -2.195795600062621, 5.728363037109375] 
[0.21493453165547577, -2.2038702457664896, 5.74005126953125] 
[0.22148047129384296, -2.2177733277748306, 5.756439208984375] 
[0.22669652887689135, -2.2280800450346416, 5.76678466796875] 
[0.24081502597307466, -2.2525923960510377, 5.7715606689453125] 
[0.29684293533729256, -2.2952548003899547, 5.7839508056640625] 
[0.31166571319678366, -2.3216906875066683, 5.7935333251953125] 
[0.32187586356315573, -2.338544243476263, 5.794525146484375] 
[0.3379760723532264, -2.3665353107742835, 5.802703857421875] 
[0.3489241185047821, -2.3852266582553097, 5.8051605224609375] 
[0.3656971367792693, -2.4131218296226686, 5.80999755859375] 
[0.37634382572271435, -2.429723047154749, 5.806884765625] 
[0.3943365790999847, -2.4569890046001888, 5.8038787841796875] 
[0.44332813330978504, -2.501081688226147, 5.8003692626953125] 
[0.4600200901468109, -2.52465012739782, 5.79132080078125] 
[0.4690469843390203, -2.5348051147652626, 5.7957305908203125] 
[0.48146939241238945, -2.543244853626352, 5.786773681640625] 
[0.4884883496395644, -2.5469423726910905, 5.7863922119140625] 
[0.4969792830534951, -2.5493401308501404, 5.7720184326171875] 
[0.5004386945807727, -2.546825085698643, 5.7678985595703125] 
[0.5028471683413452, -2.5358721145951537, 5.764862060546875] 
[0.5030874887264887, -2.5264581894147873, 5.7614593505859375] 
[0.5069154826610957, -2.4619810261850685, 5.7429656982421875] 
[0.5036215305989226, -2.446646394587762, 5.7458953857421875] 
[0.4934516701570539, -2.4128680413324597, 5.7458648681640625] 
[0.4857265239775467, -2.389010645648823, 5.74169921875] 
[0.4730280281532058, -2.351666562803031, 5.7369842529296875] 
[0.46410126767301074, -2.327191373259229, 5.739410400390625] 
[0.44708840136089684, -2.2838062161659467, 5.7465362548828125] 
[0.43532449537325923, -2.254740172870788, 5.7559661865234375] 
[0.39289222607188884, -2.1298169138568306, 5.7635650634765625] 
[0.3826160346466709, -2.105267763633271, 5.7749176025390625] 
[0.36707705623944775, -2.0681916085030867, 5.7904815673828125] 
[0.35708457923726555, -2.0441384336654758, 5.7983551025390625] 
[0.342417725157893, -2.009412995183559, 5.8007659912109375] 
[0.3348938050984696, -1.9911517287468428, 5.8101654052734375] 
[0.3247926108772812, -1.965485908780809, 5.8206329345703125] 
[0.3183606337538305, -1.9497191119265092, 5.8271636962890625] 
[0.3090810199818538, -1.928153608262201, 5.8299407958984375] 
[0.30713936317839, -1.9168782351632194, 5.8394927978515625] 
[0.30114225695257785, -1.9140697921888608, 5.8533935546875] 
[0.29696378539825263, -1.9131393854095475, 5.854583740234375] 
[0.2903715940248615, -1.9125796006856166, 5.8426055908203125] 
[0.2873947379020397, -1.9147684360997403, 5.8416900634765625] 
[0.28320196020448746, -1.92073446208021, 5.837554931640625] 
[0.2802644436594755, -1.924888437169116, 5.83624267578125] 
[0.27578580646792655, -1.9312075912649616, 5.8179473876953125] 
[0.31359232902429757, -2.0318871522999635, 5.80950927734375] 
[0.30931825223252785, -2.035825679120362, 5.801605224609375] 
[0.3066744618832504, -2.038640013258313, 5.7966461181640625] 
[0.3032763242824996, -2.0434590048508823, 5.7658233642578125] 
[0.3017073114896796, -2.047381670298629, 5.7534942626953125] 
[0.2989297711441236, -2.054842147960526, 5.7416229248046875] 
[0.29752526479870406, -2.060542420608942, 5.7405548095703125] 
[0.2961660581815422, -2.070230255630352, 5.7034454345703125] 
[0.29604208275363536, -2.0747959121599866, 5.6950531005859375] 
[0.3064312815714667, -2.0825913912192093, 5.6506500244140625] 
[0.3076460090573824, -2.0858081611196893, 5.6287384033203125] 
[0.3105067578553151, -2.091736662571162, 5.5854339599609375] 
[0.31232443846253805, -2.0957456160059413, 5.5499420166015625] 
[0.31486737993458785, -2.104173934805276, 5.4885711669921875] 
[0.31682858732496194, -2.11012890219845, 5.4417572021484375] 
[0.3197801729794424, -2.1189678148512505, 5.311920166015625] 
[0.3220613332871267, -2.1243082511460494, 5.2640533447265625] 
[0.33283485816120123, -2.128958020488189, 5.1533660888671875] 
[0.33588181144205664, -2.1353235825257997, 5.099334716796875] 
[0.3395968034498401, -2.144706870966181, 4.98431396484375] 
[0.3408646974788483, -2.1504452123327127, 4.9388275146484375] 
[0.3403249255800452, -2.161068258500736, 4.8688507080078125] 
[0.3394370661650197, -2.1687082007166816, 4.8159942626953125] 
[0.3372322003949431, -2.181049758152849, 4.74713134765625] 
[0.33438837903819174, -2.187508495966504, 4.7017364501953125] 
[0.3265006389262052, -2.1959649132748944, 4.6369171142578125] 
[0.3081323846850538, -2.192152646239611, 4.5774383544921875] 
[0.29636848162195883, -2.199995438113202, 4.5112457275390625] 
[0.288163885301128, -2.204746360189606, 4.4826812744140625] 
[0.2727887018737146, -2.214652272672297, 4.426483154296875] 
[0.2624235840058131, -2.221545351708445, 4.3953704833984375] 
[0.24742032866102578, -2.232697546651387, 4.3794403076171875] 
[0.23924434374910095, -2.2384690614068887, 4.348236083984375] 
[0.22702459000877545, -2.2468493420700217, 4.30419921875] 
[0.2062418997322806, -2.240065935333531, 4.3058929443359375] 
[0.19894018430599067, -2.254226250317559, 4.28466796875] 
[0.19634693788497679, -2.265925904259103, 4.26031494140625] 
[0.19560451348311295, -2.293865307602728, 4.217803955078125] 
[0.19577045215939234, -2.3130640513224283, 4.1845550537109375] 
[0.19638246630087627, -2.3418425879583182, 4.16448974609375] 
[0.19748871462571016, -2.3582773927744856, 4.141876220703125] 
[0.200925954078521, -2.3842959793814376, 4.10430908203125] 
[0.20367369514428724, -2.401295100403305, 4.0730743408203125] 
[0.21577901108490777, -2.4388875343939604, 4.033905029296875] 
[0.22023333104621845, -2.4521173516368315, 3.9951934814453125] 
[0.23065304880919585, -2.4729517625321504, 3.94085693359375] 
[0.2380975770145811, -2.487045548814551, 3.910552978515625] 
[0.24977899010639804, -2.508709848114908, 3.8305511474609375] 
[0.25713673579783747, -2.522064203195641, 3.785064697265625] 
[0.26981901943113606, -2.5463660906525734, 3.74066162109375] 
[0.27833093420898647, -2.562559071429403, 3.713409423828125] 
[0.3156508505196541, -2.5904333959240944, 3.6151580810546875] 
[0.3224862274335872, -2.603447855860302, 3.5498199462890625] 
[0.33199662810967145, -2.622909632757438, 3.4605560302734375] 
[0.3378640389599911, -2.6355118670637987, 3.40924072265625] 
[0.3460774582163129, -2.6538053102640653, 3.3374481201171875] 
[0.349882572502489, -2.6635649315816776, 3.290740966796875] 
[0.3545374008209356, -2.6789229474916096, 3.2248687744140625] 
[0.356790429289096, -2.6888843308796044, 3.1842041015625] 
[0.3583701727048906, -2.703487506651519, 3.1319122314453125] 
[0.3521913925703304, -2.6959575997916345, 3.0796966552734375] 
[0.34239537177906343, -2.7118366071765214, 3.0365142822265625] 
[0.33459202941711297, -2.7216926678229414, 3.00091552734375] 
[0.32135519291833753, -2.735122253094383, 2.9506988525390625] 
[0.31203648024072167, -2.7403216558186787, 2.9237213134765625] 
[0.2971741259541996, -2.7452966374817995, 2.88970947265625] 
[0.2866571350113109, -2.747817482835045, 2.862579345703125] 
[0.2703738241361812, -2.750579971885885, 2.8373565673828125] 
[0.22015991320166664, -2.7244861550882242, 2.829620361328125] 
[0.2015706468936161, -2.725216703668095, 2.7913665771484375] 
[0.18882351561561972, -2.725381122342196, 2.776092529296875] 
[0.16963987868321326, -2.72521688480081, 2.7384796142578125] 
[0.15731426674800195, -2.7250805638447915, 2.71282958984375] 
[0.1354837391337092, -2.7255988367470745, 2.6609649658203125] 
[0.12115066796253882, -2.7256934631667846, 2.625396728515625] 
[0.1004852765749212, -2.7252941090333307, 2.5977325439453125] 
[0.09081275388905173, -2.7238063640082, 2.5657196044921875] 
[0.0831190812577108, -2.70491959963863, 2.5196685791015625] 
[0.07746386191333197, -2.700842666858557, 2.483001708984375] 
[0.0696974732759495, -2.6943074301342147, 2.42706298828125] 
[0.0655986307071042, -2.691752866411908, 2.3885498046875] 
[0.05837153786267392, -2.6913504306493787, 2.323272705078125] 
[0.05390482117978002, -2.6909421931031567, 2.2822723388671875] 
[0.04770744509933286, -2.6902096504814734, 2.17864990234375] 
[0.04502908353632179, -2.689625211933966, 2.1324310302734375] 
[0.055571585596890356, -2.7054694141535016, 2.0477752685546875] 
[0.05280286367184728, -2.7043346169020044, 2.00567626953125] 
[0.048123718574386874, -2.7027350236117167, 1.93524169921875] 
[0.044777554389796276, -2.701905497472109, 1.8929901123046875] 
[0.03691055378426971, -2.700365000905319, 1.8374481201171875] 
[0.031089397584286083, -2.6993768570843306, 1.8011322021484375] 
[0.021474810157014832, -2.698124953973101, 1.74249267578125] 
[0.015053801416542136, -2.697135903697564, 1.71136474609375] 
[0.002203675029558549, -2.693788976099216, 1.6719512939453125] 
[-0.01163563751703311, -2.691905865024256, 1.646728515625] 
[-0.02619019666619416, -2.6895206145142234, 1.590545654296875] 
[-0.034232433345841404, -2.6915367837834117, 1.5722198486328125] 
[-0.045983940465736145, -2.7035431586895387, 1.5420684814453125] 
[-0.05411224501113719, -2.711811409163827, 1.528045654296875] 
[-0.066723001799905, -2.7243447584613176, 1.573150634765625] 
[-0.07582571140776974, -2.728932349450884, 1.5644683837890625] 
[-0.09585024073834153, -2.727826012973872, 1.55535888671875] 
[-0.11257962737021057, -2.7502291992867787, 1.55810546875] 
[-0.13028270371035308, -2.750689463052827, 1.580963134765625] 
[-0.139718002967561, -2.753378534822055, 1.5875244140625] 
[-0.15316941393506897, -2.7646536358264777, 1.5942535400390625] 
[-0.16106097237542205, -2.7719647414851933, 1.5960693359375] 
[-0.17161801742542412, -2.7825297785169827, 1.6255035400390625] 
[-0.17540596519302487, -2.7869515001887812, 1.6298675537109375] 
[-0.1769530446244602, -2.7890786112685784, 1.62310791015625] 
[-0.17707511271614432, -2.7901715336420247, 1.613311767578125] 
[-0.16587768398899555, -2.7892508249772123, 1.61138916015625] 
[-0.1644810446560346, -2.787695825928621, 1.592193603515625] 
[-0.16234436429200655, -2.783068897500961, 1.5648345947265625] 
[-0.16010063390659074, -2.779886026311284, 1.54620361328125] 
[-0.15550707916535403, -2.7749859125734417, 1.4664306640625] 
[-0.1520414702248051, -2.7719641972960756, 1.4396820068359375] 
[-0.1450291894833802, -2.7674529240844814, 1.39434814453125] 
[-0.13980407194959452, -2.7641893839768055, 1.3455810546875] 
[-0.12585031870586255, -2.7411499132383077, 1.192138671875] 
[-0.12099784422529418, -2.737200056527027, 1.1578216552734375] 
[-0.11294988671237963, -2.729263543897301, 1.100494384765625] 
[-0.10899695552757435, -2.7237329467265883, 1.054931640625] 
[-0.1059035115204562, -2.715012227520784, 0.946990966796875] 
[-0.10743604730731747, -2.7113897583050113, 0.9122314453125] 
[-0.11740658974053951, -2.709535832535397, 0.864532470703125] 
[-0.12582218515068308, -2.7082569192933486, 0.8337860107421875] 
[-0.14075153362654977, -2.706313442774911, 0.8047332763671875] 
[-0.1617244809023835, -2.7099147020616132, 0.769378662109375] 
[-0.1868098576217296, -2.7015008857440796, 0.73004150390625] 
[-0.2042528233839796, -2.696075430182227, 0.708251953125] 
[-0.23097253989289404, -2.6881764420814984, 0.7086029052734375] 
[-0.2472582343213385, -2.681479867521158, 0.708465576171875] 
[-0.27401991218787836, -2.665769810292141, 0.6934967041015625] 
[-0.2916288133833664, -2.6551112344279053, 0.6834869384765625] 
[-0.3174094092574588, -2.6388506373621836, 0.7078399658203125] 
[-0.3909951996711838, -2.6076340978836297, 0.7347259521484375] 
[-0.41973644156224604, -2.599190008673486, 0.7317962646484375] 
[-0.43806011289750274, -2.5929604053264637, 0.730499267578125] 
[-0.4635038280563145, -2.5825938668122936, 0.7115631103515625] 
[-0.47505172572241117, -2.5745239337229098, 0.701934814453125] 
[-0.48550243424870376, -2.5560345294449816, 0.697998046875] 
[-0.4915171819541971, -2.5430360226342423, 0.6954345703125] 
[-0.4990840145832308, -2.52276737858829, 0.689117431640625] 
[-0.5024769074334202, -2.5125527510992045, 0.6851348876953125] 
[-0.4786680067712604, -2.50384236436789, 0.6799774169921875] 
[-0.48048306283865166, -2.4952706548998367, 0.67828369140625] 
[-0.48163031842274845, -2.482129300818525, 0.6560211181640625] 
[-0.4796800768830272, -2.473442480323524, 0.6508026123046875] 
[-0.4715779965755177, -2.4551939944213568, 0.644622802734375] 
[-0.46529598235543373, -2.443178918026149, 0.64422607421875] 
[-0.4544819245438427, -2.425470456771536, 0.639556884765625] 
[-0.44629353995722276, -2.4163554591031655, 0.629486083984375] 
[-0.38396191982861794, -2.408667114903643, 0.604644775390625] 
[-0.3722342546545669, -2.400737309721186, 0.603057861328125] 
[-0.35359563708344366, -2.389695875456137, 0.5807342529296875] 
[-0.34228662861491715, -2.383863269935326, 0.5667724609375] 
[-0.3243828070106779, -2.3743525423697496, 0.53948974609375] 
[-0.31227582435770773, -2.368473167432715, 0.524627685546875] 
[-0.2942418277651088, -2.360087267700549, 0.4749298095703125] 
[-0.28448609920703843, -2.357942392168132, 0.452850341796875] 
[-0.27055881239641266, -2.359609964012741, 0.420867919921875] 
[-0.25998913541346524, -2.3973523141956963, 0.386505126953125] 
[-0.24924922648098563, -2.396980151325776, 0.3397674560546875] 
[-0.24539404561613848, -2.394126479749732, 0.328125] 
[-0.2433963603601987, -2.381327377911161, 0.30029296875] 
[-0.24265131152723368, -2.371826258289214, 0.2823638916015625] 
[-0.24178037888273357, -2.356451383590238, 0.2745361328125] 
[-0.24173197912991648, -2.3463892105243813, 0.2684478759765625] 
[-0.24101577807294028, -2.327575682303708, 0.258514404296875] 
[-0.26991270233144643, -2.299918890290208, 0.2359619140625] 
[-0.2681281607145397, -2.280469984098492, 0.2160491943359375] 
[-0.2674062367948398, -2.2681603313313152, 0.2121734619140625] 
[-0.264845174218985, -2.2470668745512126, 0.1863250732421875] 
[-0.26243240761165726, -2.233086206044921, 0.167755126953125] 
[-0.25780690609539303, -2.2121089486700014, 0.1440277099609375] 
[-0.25570503283806, -2.1992342535843186, 0.1202239990234375] 
[-0.2538074810267569, -2.175752284323365, 0.0823974609375] 
[-0.2521471540901865, -2.160143198695897, 0.0738525390625] 
[-0.2817052035113333, -2.1130302496452664, 0.0737457275390625] 
[-0.2785130549982609, -2.100168607188691, 0.0641326904296875] 
[-0.26823114324092207, -2.081155673204877, 0.043212890625] 
[-0.26131470622682546, -2.0690271167681304, 0.0297088623046875] 
[-0.250999653836632, -2.0517539031905594, -0.0167999267578125] 
[-0.24373131441414722, -2.0431316181463464, -0.02862548828125] 
[-0.22885537333443684, -2.031456436895664, -0.0506439208984375] 
[-0.2189370449525351, -2.0242761232948054, -0.067230224609375] 
[-0.18295560165815197, -2.024913223213101, -0.0802459716796875] 
[-0.17406842071475612, -2.0218723830103196, -0.0991973876953125] 
[-0.15982094337040606, -2.0214173760478737, -0.1251068115234375] 
[-0.150092156322971, -2.021761441199711, -0.1501617431640625] 
[-0.13516972454175533, -2.023080960599832, -0.201019287109375] 
[-0.12629947290579738, -2.0230175135272797, -0.218658447265625] 
[-0.11158374615490103, -2.0188841132164823, -0.243408203125] 
[-0.1017159627187263, -2.0167084198113647, -0.2621002197265625] 
[-0.0869206063322526, -2.0143562533104036, -0.241424560546875] 
[-0.06424871325302876, -2.034206417506514, -0.26220703125] 
[-0.046559945735233796, -2.041034055428298, -0.2785491943359375] 
[-0.03465084680850174, -2.0458123506919237, -0.2959747314453125] 
[-0.01669624422218284, -2.0528310551531974, -0.330230712890625] 
[-0.008035082589902045, -2.0554920284133704, -0.343353271484375] 
[0.003736924313580508, -2.056756439173617, -0.3668060302734375] 
[0.011425829112411568, -2.057011678107492, -0.379058837890625] 
[0.02282710077278249, -2.0564121928890646, -0.370452880859375] 
[0.026084096925754936, -2.0477570959303395, -0.3786773681640625] 
[0.040651050922326404, -2.0386979314327034, -0.402252197265625] 
[0.050444447954784186, -2.0323573862750717, -0.4210662841796875] 
[0.06510533903630658, -2.0226443532409673, -0.4390106201171875] 
[0.07290772650766938, -2.016832776516512, -0.4533843994140625] 
[0.08502329273121562, -2.00891411930125, -0.46820068359375] 
[0.09317639087477209, -2.0039507396235705, -0.4654388427734375] 
[0.10559212053534983, -1.997008171807554, -0.469451904296875] 
[0.11276437836345155, -1.9922101180494964, -0.4882049560546875] 
[0.11039071133034839, -1.9702115426736468, -0.518829345703125] 
[0.11868757369261485, -1.9652321196996276, -0.5371856689453125] 
[0.13131501757667555, -1.9584379280523454, -0.5617523193359375] 
[0.1393582052877463, -1.9550509376940708, -0.57977294921875] 
[0.1544167727605347, -1.9503936454119577, -0.6024169921875] 
[0.16406139954809892, -1.947897635015004, -0.6193695068359375] 
[0.17775336835005265, -1.945179831167704, -0.64398193359375] 
[0.1856170292403124, -1.9452353020730084, -0.655853271484375] 
[0.2077954027134164, -1.9516461828831764, -0.6780548095703125] 
[0.2161423319134032, -1.9548039470220024, -0.7010040283203125] 
[0.22817731351415266, -1.960082114793357, -0.7180023193359375] 
[0.2346564951268747, -1.964744120480927, -0.737823486328125] 
[0.24389843930373195, -1.9735901938082703, -0.761810302734375] 
[0.24936173213876112, -1.9793541856237984, -0.774810791015625] 
[0.2583676430141489, -1.9863297456960698, -0.7881622314453125] 
[0.26238780780154053, -1.9881345449512458, -0.7873077392578125] 
[0.2671749538119314, -1.9879244444481852, -0.788726806640625] 
[0.2633212043498607, -1.992589712897546, -0.789581298828125] 
[0.2612777441593992, -1.9904180985378965, -0.7774200439453125] 
[0.25933203402926097, -1.9888235809184962, -0.7801361083984375] 
[0.258604390346601, -1.9880762645114252, -0.8035430908203125] 
[0.259496303459902, -1.9876764563597247, -0.8404388427734375] 
[0.2608967553209044, -1.9881642744457102, -0.8416290283203125] 
[0.2575973217043327, -1.9876448237852924, -0.8551788330078125] 
[0.2460687368947955, -1.9847969532019685, -0.8762359619140625] 
[0.21520726752632693, -1.9749219487628493, -0.8842315673828125] 
[0.20340617205498954, -1.9712560638544878, -0.875579833984375] 
[0.19745770273233668, -1.9692569345070587, -0.8842010498046875] 
[0.18951202620820468, -1.9663877646147656, -0.899169921875] 
[0.18408974049998456, -1.9645497002178027, -0.896697998046875] 
[0.17598337134466474, -1.961211655241251, -0.88287353515625] 
[0.17302153381639684, -1.9597898053487315, -0.88433837890625] 
[0.1725873796919351, -1.9596074395073504, -0.88702392578125] 
[0.17198251892662547, -1.9594823582713425, -0.88818359375] 
[0.18034995235348614, -1.9611288119396975, -0.83758544921875] 
[0.18106829867202587, -1.9635225820151234, -0.838409423828125] 
[0.18179665919667382, -1.9703704324495863, -0.8502960205078125] 
[0.18222914524279685, -1.9750573632643198, -0.85223388671875] 
[0.18277487827152344, -1.9820600244292537, -0.8330230712890625] 
[0.1841042839980757, -1.9860729659476566, -0.83135986328125] 
[0.18674688276145346, -1.9915025005549767, -0.839752197265625] 
[0.1884370123251656, -1.9951772688761071, -0.8437042236328125] 
[0.21981012234186414, -2.0295204833172003, -0.8079833984375] 
[0.22098050370425745, -2.0324624369220885, -0.80908203125] 
[0.22171005615696077, -2.0365011190603592, -0.8173675537109375] 
[0.2221346735602298, -2.039225358260369, -0.8223876953125] 
[0.22268922852639306, -2.0433426251039557, -0.8087158203125] 
[0.22346360319074704, -2.045580496070674, -0.817779541015625] 
[0.22447877648166165, -2.0477957080466, -0.8233184814453125] 
[0.22590164140597335, -2.051051996517889, -0.83197021484375] 
[0.22716619769992494, -2.0543608561890943, -0.7949371337890625] 
[0.24091610365017668, -2.065772278149536, -0.7759857177734375] 
[0.2424615132910018, -2.0759580825987056, -0.7738494873046875] 
[0.24341946829077782, -2.082674597577166, -0.7796478271484375] 
[0.24473242330134537, -2.092772301130207, -0.76373291015625] 
[0.2450125616642283, -2.0975136160539543, -0.758331298828125] 
[0.244437026632667, -2.1027677643617206, -0.75445556640625] 
[0.2439835603944059, -2.106195904276213, -0.7559051513671875] 
[0.24322277614646956, -2.1113907755187395, -0.755157470703125] 
[0.2527925407116714, -2.124529229103691, -0.7431640625] 
[0.253590994867985, -2.1273497264997925, -0.755889892578125] 
[0.2540759322825786, -2.129143830224076, -0.764556884765625] 
[0.25430266642999083, -2.130041879107124, -0.7606964111328125] 
[0.2549912102263549, -2.1324546839370933, -0.75677490234375] 
[0.2560085305395442, -2.131596697023, -0.759002685546875] 
[0.25747550093768895, -2.1301682298540827, -0.750732421875] 
[0.2584088989255495, -2.129152712845872, -0.75494384765625] 
[0.2596071749215285, -2.127336855794373, -0.7730560302734375] 
[0.2641692561757207, -2.113644236554523, -0.7799530029296875] 
[0.26403431307761005, -2.1150728848561555, -0.7772064208984375] 
[0.263877435942375, -2.1159551633283953, -0.7796630859375] 
[0.2633336101654246, -2.117857489499642, -0.7789764404296875] 
[0.26275044579536544, -2.11963564088943, -0.89019775390625] 
[0.26179773647454424, -2.1221771527736006, -0.9498291015625] 
[0.26112159006418634, -2.1238153581801487, -0.9420928955078125] 
[0.2609587520703533, -2.124870392968195, -0.9785919189453125] 
[0.2614954250824424, -2.124590682134431, -1.004364013671875] 
[0.26607944275476103, -2.121645102711349, -1.0074310302734375] 
[0.26661778578087697, -2.1212524560251644, -1.014007568359375] 
[0.2669701630491624, -2.1216634121440596, -1.015594482421875] 
[0.2667481987844049, -2.123008491031333, -1.016632080078125] 
[0.2663781785073281, -2.1249432668516617, -1.01220703125] 
[0.2660398658804894, -2.1261764982647504, -1.010528564453125] 
[0.2654354832621063, -2.1284482679422716, -1.0152587890625] 
[0.26486471692087893, -2.1305059498240806, -1.01287841796875] 
[0.26268226036900183, -2.143034585716115, -0.990234375] 
[0.2620032528316159, -2.1450416904398195, -0.9895782470703125] 
[0.2618852372653669, -2.1480947669880317, -0.9982757568359375] 
[0.2625947625121381, -2.1503542109402236, -0.9883880615234375] 
[0.26354675560761776, -2.153688630098581, -0.9628753662109375] 
[0.2641544768040856, -2.1558563473364507, -0.9505157470703125] 
[0.2656264549469464, -2.159122424884084, -0.9429779052734375] 
[0.26679159380807566, -2.1613350986290802, -0.9481353759765625] 
[0.26847504601533356, -2.1645692715077223, -0.9555511474609375] 
[0.28024753200229563, -2.1759990029008742, -0.927764892578125] 
[0.2810600532414929, -2.177237128852135, -0.9174652099609375] 
[0.28104956293537386, -2.1769864214000294, -0.90411376953125] 
[0.28099472746150217, -2.1765528054993695, -0.923675537109375] 
[0.28091128052670106, -2.1762437274365714, -0.9380340576171875] 
[0.2813723771167945, -2.17819137396232, -0.9615325927734375] 
[0.28217369249792434, -2.181741150427342, -0.9617767333984375] 
[0.28332571609825913, -2.1870545773822943, -0.9708251953125] 
[0.28785442202248485, -2.1957629700717964, -1.0126495361328125] 
[0.2882413710593021, -2.200520055406351, -1.0324859619140625] 
[0.287997233442943, -2.203297590337139, -1.03741455078125] 
[0.28758119900985046, -2.2073667272917064, -1.0352630615234375] 
[0.28727936479150595, -2.2100157363010076, -1.033782958984375] 
